#
# 梢请楮溢涩烂白央奶伙
#
# 垫⑵卞扑乓□皿反戊丢件玄
# 白夫失 梢请痬寞 梢请伊矛伙 畸 ざ 凛 坌 赢今(卍签匏﹌
# 午中丹踏挚匹允﹝
# 畸﹞ざ﹞凛﹞坌﹞赢今卞反"*"毛银迕允月仪互请侳月﹝
# 坌卞"*"毛银迕允月午﹞赢今反拑骰今木引允﹝
# 公及桦宁反﹞公及签匏及蝈化互竟癫允月仪卞卅月﹝
# 引凶﹞","﹋市件穴﹌匹嗉濠匀化﹞凛棉卅升毛呁醒隙烂允月仪互请侳月
# 100 1 3 1,2 * * * 30
# 仇木反﹞白夫失ㄠㄟㄟ卞﹞
# ㄠ痬及梢请毛雄今ㄢ匹1凛午ㄡ凛井日ㄢㄟ卍棉梢请毛允月午中丹仪匹丐月﹝
# ↗镗啦“＞白夫失午梢请互域谯允月手及毛ㄠ勾＝午醒尹化ㄡㄟㄣㄧ蜊引匹仄井涩烂互肣躲卞卅曰引六氏﹝
#地图ID 特效ID 特效大小 月 日 时 分 秒 持续时间
#Happy Birthday
#1000 4 1 * * * * *
#2000 4 1 * * * * *
#3000 4 1 * * * * *
#4000 4 1 * * * * *
#5000 4 1 * * * * *
#6000 4 1 * * * * *
#110 4 1 * * * * *
#32022 4 1 * * * * *
###################湿嫦曰及涩烂##############################
#扔奶瓜旦
100 2 1 12 24 23 30 302
100 2 2 12 24 23 35 602
100 2 3 12 24 23 45 302
100 2 4 12 24 23 50 302
100 2 3 12 24 23 55 302
100 2 2 12 25 * * *
100 2 2 12 26 0 0 6002
100 2 1 12 26 1 0 6002
100 2 1 12 30 23 30 302
100 2 2 12 30 23 35 602
100 2 3 12 30 23 45 302
100 2 4 12 30 23 50 302
100 2 3 12 30 23 55 302
100 2 2 12 31 * * *
100 2 2 1 1 * * *
100 2 2 1 2 * * *
100 2 2 1 3 * * *
100 2 2 1 4 0 0 6002
100 2 1 1 4 1 0 6002
100 2 1 2 13 23 30 190
100 2 2 2 14 * * *
100 2 2 2 15 * * *
#扔丞幼伙
1000 2 1 12 24 23 30 302
1000 2 2 12 24 23 35 602
1000 2 3 12 24 23 45 302
1000 2 4 12 24 23 50 302
1000 2 3 12 24 23 55 302
1000 2 2 12 25 * * *
1000 2 2 12 26 0 0 6002
1000 2 1 12 26 1 0 6002
1000 2 1 12 30 23 30 302
1000 2 2 12 30 23 35 602
1000 2 3 12 30 23 45 302
1000 2 4 12 30 23 50 302
1000 2 3 12 30 23 55 302
1000 2 2 12 31 * * *
1000 2 2 1 1 * * *
1000 2 2 1 2 * * *
1000 2 2 1 3 * * *
1000 2 2 1 4 0 0 6002
1000 2 1 1 4 1 0 6002
1000 2 1 2 13 23 30 190
1000 2 2 2 14 * * *
1000 2 2 2 15 * * *
#弁左
1100 2 1 12 24 23 30 302
1100 2 2 12 24 23 35 602
1100 2 3 12 24 23 45 302
1100 2 4 12 24 23 50 302
1100 2 3 12 24 23 55 302
1100 2 2 12 25 * * *
1100 2 2 12 26 0 0 6002
1100 2 1 12 26 1 0 6002
1100 2 1 12 30 23 30 302
1100 2 2 12 30 23 35 602
1100 2 3 12 30 23 45 302
1100 2 4 12 30 23 50 302
1100 2 3 12 30 23 55 302
1100 2 2 12 31 * * *
1100 2 2 1 1 * * *
1100 2 2 1 2 * * *
1100 2 2 1 3 * * *
1100 2 2 1 4 0 0 6002
1100 2 1 1 4 1 0 6002
1100 2 1 2 13 23 30 190
1100 2 2 2 14 * * *
1100 2 2 2 15 * * *
#石玄伙
1300 2 1 12 24 23 30 302
1300 2 2 12 24 23 35 602
1300 2 3 12 24 23 45 302
1300 2 4 12 24 23 50 302
1300 2 3 12 24 23 55 302
1300 2 2 12 25 * * *
1300 2 2 12 26 0 0 6002
1300 2 1 12 26 1 0 6002
1300 2 1 12 30 23 30 302
1300 2 2 12 30 23 35 602
1300 2 3 12 30 23 45 302
1300 2 4 12 30 23 50 302
1300 2 3 12 30 23 55 302
1300 2 2 12 31 * * *
1300 2 2 1 1 * * *
1300 2 2 1 2 * * *
1300 2 2 1 3 * * *
1300 2 2 1 4 0 0 6002
1300 2 1 1 4 1 0 6002
1300 2 1 2 13 23 30 190
1300 2 2 2 14 * * *
1300 2 2 2 15 * * *
#市正件
1400 2 1 12 24 23 30 302
1400 2 2 12 24 23 35 602
1400 2 3 12 24 23 45 302
1400 2 4 12 24 23 50 302
1400 2 3 12 24 23 55 302
1400 2 2 12 25 * * *
1400 2 2 12 26 0 0 6002
1400 2 1 12 26 1 0 6002
1400 2 1 12 30 23 30 302
1400 2 2 12 30 23 35 602
1400 2 3 12 30 23 45 302
1400 2 4 12 30 23 50 302
1400 2 3 12 30 23 55 302
1400 2 2 12 31 * * *
1400 2 2 1 1 * * *
1400 2 2 1 2 * * *
1400 2 2 1 3 * * *
1400 2 2 1 4 0 0 6002
1400 2 1 1 4 1 0 6002
1400 2 1 2 13 23 30 190
1400 2 2 2 14 * * *
1400 2 2 2 15 * * *
#穴伉瓜旦
2000 2 1 12 24 23 30 302
2000 2 2 12 24 23 35 602
2000 2 3 12 24 23 45 302
2000 2 4 12 24 23 50 302
2000 2 3 12 24 23 55 302
2000 2 2 12 25 * * *
2000 2 2 12 26 0 0 6002
2000 2 1 12 26 1 0 6002
2000 2 1 12 30 23 30 302
2000 2 2 12 30 23 35 602
2000 2 3 12 30 23 45 302
2000 2 4 12 30 23 50 302
2000 2 3 12 30 23 55 302
2000 2 2 12 31 * * *
2000 2 2 1 1 * * *
2000 2 2 1 2 * * *
2000 2 2 1 3 * * *
2000 2 2 1 4 0 0 6002
2000 2 1 1 4 1 0 6002
2000 2 1 2 13 23 30 190
2000 2 2 2 14 * * *
2000 2 2 2 15 * * *
#□□□呿朿
10920 2 1 12 24 23 30 302
10920 2 2 12 24 23 35 602
10920 2 3 12 24 23 45 302
10920 2 4 12 24 23 50 302
10920 2 3 12 24 23 55 302
10920 2 2 12 25 * * *
10920 2 2 12 26 0 0 6002
10920 2 1 12 26 1 0 6002
10920 2 1 12 30 23 30 302
10920 2 2 12 30 23 35 602
10920 2 3 12 30 23 45 302
10920 2 4 12 30 23 50 302
10920 2 3 12 30 23 55 302
10920 2 2 12 31 * * *
10920 2 2 1 1 * * *
10920 2 2 1 2 * * *
10920 2 2 1 3 * * *
10920 2 2 1 4 0 0 6002
10920 2 1 1 4 1 0 6002
10920 2 1 2 13 23 30 190
10920 2 2 2 14 * * *
10920 2 2 2 15 * * *
#斥乓伙布
200 2 1 12 24 23 30 302
200 2 2 12 24 23 35 602
200 2 3 12 24 23 45 302
200 2 4 12 24 23 50 302
200 2 3 12 24 23 55 302
200 2 2 12 25 * * *
200 2 2 12 26 0 0 6002
200 2 1 12 26 1 0 6002
200 2 1 12 30 23 30 302
200 2 2 12 30 23 35 602
200 2 3 12 30 23 45 302
200 2 4 12 30 23 50 302
200 2 3 12 30 23 55 302
200 2 2 12 31 * * *
200 2 2 1 1 * * *
200 2 2 1 2 * * *
200 2 2 1 3 * * *
200 2 2 1 4 0 0 6002
200 2 1 1 4 1 0 6002
200 2 1 2 13 23 30 190
200 2 2 2 14 * * *
200 2 2 2 15 * * *
#斥乓斥乓
3000 2 1 12 24 23 30 302
3000 2 2 12 24 23 35 602
3000 2 3 12 24 23 45 302
3000 2 3 12 24 23 50 302
3000 2 2 12 24 23 55 302
3000 2 1 12 25 * * *
3000 2 1 12 26 0 0 6002
3000 2 1 12 26 1 0 6002
3000 2 1 12 30 23 30 302
3000 2 2 12 30 23 35 602
3000 2 3 12 30 23 45 302
3000 2 3 12 30 23 50 302
3000 2 2 12 30 23 55 302
3000 2 1 12 31 * * *
3000 2 1 1 1 * * *
3000 2 1 1 2 * * *
3000 2 1 1 3 * * *
3000 2 1 1 4 0 0 6002
3000 2 1 1 4 1 0 6002
3000 2 1 2 13 23 30 190
3000 2 2 2 14 * * *
3000 2 2 2 15 * * *
#正丞正丞
3100 2 1 12 24 23 30 302
3100 2 2 12 24 23 35 602
3100 2 3 12 24 23 45 302
3100 2 3 12 24 23 50 302
3100 2 2 12 24 23 55 302
3100 2 1 12 25 * * *
3100 2 1 12 26 0 0 6002
3100 2 1 12 26 1 0 6002
3100 2 1 12 30 23 30 302
3100 2 2 12 30 23 35 602
3100 2 3 12 30 23 45 302
3100 2 3 12 30 23 50 302
3100 2 2 12 30 23 55 302
3100 2 1 12 31 * * *
3100 2 1 1 1 * * *
3100 2 1 1 2 * * *
3100 2 1 1 3 * * *
3100 2 1 1 4 0 0 6002
3100 2 1 1 4 1 0 6002
3100 2 1 2 13 23 30 190
3100 2 2 2 14 * * *
3100 2 2 2 15 * * *
#玄玄
3200 2 1 12 24 23 30 302
3200 2 2 12 24 23 35 602
3200 2 3 12 24 23 45 302
3200 2 3 12 24 23 50 302
3200 2 2 12 24 23 55 302
3200 2 1 12 25 * * *
3200 2 1 12 26 0 0 6002
3200 2 1 12 26 1 0 6002
3200 2 1 12 30 23 30 302
3200 2 2 12 30 23 35 602
3200 2 3 12 30 23 45 302
3200 2 3 12 30 23 50 302
3200 2 2 12 30 23 55 302
3200 2 1 12 31 * * *
3200 2 1 1 1 * * *
3200 2 1 1 2 * * *
3200 2 1 1 3 * * *
3200 2 1 1 4 0 0 6002
3200 2 1 1 4 1 0 6002
3200 2 1 2 13 23 30 190
3200 2 2 2 14 * * *
3200 2 2 2 15 * * *
#它伙伉
3300 2 1 12 24 23 30 302
3300 2 2 12 24 23 35 602
3300 2 3 12 24 23 45 302
3300 2 3 12 24 23 50 302
3300 2 2 12 24 23 55 302
3300 2 1 12 25 * * *
3300 2 1 12 26 0 0 6002
3300 2 1 12 26 1 0 6002
3300 2 1 12 30 23 30 302
3300 2 2 12 30 23 35 602
3300 2 3 12 30 23 45 302
3300 2 3 12 30 23 50 302
3300 2 2 12 30 23 55 302
3300 2 1 12 31 * * *
3300 2 1 1 1 * * *
3300 2 1 1 2 * * *
3300 2 1 1 3 * * *
3300 2 1 1 4 0 0 6002
3300 2 1 1 4 1 0 6002
3300 2 1 2 13 23 30 190
3300 2 2 2 14 * * *
3300 2 2 2 15 * * *
#平弁弁
3400 2 1 12 24 23 30 302
3400 2 2 12 24 23 35 602
3400 2 3 12 24 23 45 302
3400 2 3 12 24 23 50 302
3400 2 2 12 24 23 55 302
3400 2 1 12 25 * * *
3400 2 1 12 26 0 0 6002
3400 2 1 12 26 1 0 6002
3400 2 1 12 30 23 30 302
3400 2 2 12 30 23 35 602
3400 2 3 12 30 23 45 302
3400 2 3 12 30 23 50 302
3400 2 2 12 30 23 55 302
3400 2 1 12 31 * * *
3400 2 1 1 1 * * *
3400 2 1 1 2 * * *
3400 2 1 1 3 * * *
3400 2 1 1 4 0 0 6002
3400 2 1 1 4 1 0 6002
3400 2 1 2 13 23 30 190
3400 2 2 2 14 * * *
3400 2 2 2 15 * * *
#市伙正□瓜
4000 2 1 12 24 23 30 302
4000 2 2 12 24 23 35 602
4000 2 3 12 24 23 45 302
4000 2 3 12 24 23 50 302
4000 2 2 12 24 23 55 302
4000 2 1 12 25 * * *
4000 2 1 12 26 0 0 6002
4000 2 1 12 26 1 0 6002
4000 2 1 12 30 23 30 302
4000 2 2 12 30 23 35 602
4000 2 3 12 30 23 45 302
4000 2 3 12 30 23 50 302
4000 2 2 12 30 23 55 302
4000 2 1 12 31 * * *
4000 2 1 1 1 * * *
4000 2 1 1 2 * * *
4000 2 1 1 3 * * *
4000 2 1 1 4 0 0 6002
4000 2 1 1 4 1 0 6002
4000 2 1 2 13 23 30 190
4000 2 2 2 14 * * *
4000 2 2 2 15 * * *
#正丞正丞及辄赡
20105 2 1 12 24 23 30 302
20105 2 2 12 24 23 35 602
20105 2 3 12 24 23 45 302
20105 2 3 12 24 23 50 302
20105 2 2 12 24 23 55 302
20105 2 1 12 25 * * *
20105 2 1 12 26 0 0 6002
20105 2 1 12 26 1 0 6002
20105 2 1 12 30 23 30 302
20105 2 2 12 30 23 35 602
20105 2 3 12 30 23 45 302
20105 2 3 12 30 23 50 302
20105 2 2 12 30 23 55 302
20105 2 1 12 31 * * *
20105 2 1 1 1 * * *
20105 2 1 1 2 * * *
20105 2 1 1 3 * * *
20105 2 1 1 4 0 0 6002
20105 2 1 1 4 1 0 6002
20105 2 1 2 13 23 30 190
20105 2 2 2 14 * * *
20105 2 2 2 15 * * *
#打乩辄及辄赡
20406 2 1 12 24 23 30 302
20406 2 2 12 24 23 35 602
20406 2 3 12 24 23 45 302
20406 2 3 12 24 23 50 302
20406 2 2 12 24 23 55 302
20406 2 1 12 25 * * *
20406 2 1 12 26 0 0 6002
20406 2 1 12 26 1 0 6002
20406 2 1 12 30 23 30 302
20406 2 2 12 30 23 35 602
20406 2 3 12 30 23 45 302
20406 2 3 12 30 23 50 302
20406 2 2 12 30 23 55 302
20406 2 1 12 31 * * *
20406 2 1 1 1 * * *
20406 2 1 1 2 * * *
20406 2 1 1 3 * * *
20406 2 1 1 4 0 0 6002
20406 2 1 1 4 1 0 6002
20406 2 1 2 13 23 30 190
20406 2 2 2 14 * * *
20406 2 2 2 15 * * *
#仿玄仿辄及赡晓
20309 2 1 12 24 23 30 302
20309 2 2 12 24 23 35 602
20309 2 3 12 24 23 45 302
20309 2 3 12 24 23 50 302
20309 2 2 12 24 23 55 302
20309 2 1 12 25 * * *
20309 2 1 12 26 0 0 6002
20309 2 1 12 26 1 0 6002
20309 2 1 12 30 23 30 302
20309 2 2 12 30 23 35 602
20309 2 3 12 30 23 45 302
20309 2 3 12 30 23 50 302
20309 2 2 12 30 23 55 302
20309 2 1 12 31 * * *
20309 2 1 1 1 * * *
20309 2 1 1 2 * * *
20309 2 1 1 3 * * *
20309 2 1 1 4 0 0 6002
20309 2 1 1 4 1 0 6002
20309 2 1 2 13 23 30 190
20309 2 2 2 14 * * *
20309 2 2 2 15 * * *
#幼□伙
300 2 1 12 10 * * *
300 2 1 12 24 23 30 302
300 2 2 12 24 23 35 602
300 2 3 12 24 23 45 302
300 2 4 12 24 23 50 302
300 2 3 12 24 23 55 302
300 2 3 12 25 * * *
300 2 2 12 26 0 0 6002
300 2 1 12 26 1 0 6002
300 2 1 12 30 23 30 302
300 2 2 12 30 23 35 602
300 2 3 12 30 23 45 302
300 2 4 12 30 23 50 302
300 2 3 12 30 23 55 302
300 2 3 12 31 * * *
300 2 3 1 1 * * *
300 2 3 1 2 * * *
300 2 3 1 3 * * *
300 2 2 1 4 0 0 6002
300 2 1 1 4 1 0 6002
300 2 1 2 13 23 30 190
300 2 2 2 14 * * *
300 2 2 2 15 * * *
#白伙□玉
5000 2 1 12 10 * * *
5000 2 1 12 24 23 30 302
5000 2 2 12 24 23 35 602
5000 2 3 12 24 23 45 302
5000 2 4 12 24 23 50 302
5000 2 3 12 24 23 55 302
5000 2 3 12 25 * * *
5000 2 2 12 26 0 0 6002
5000 2 1 12 26 1 0 6002
5000 2 1 12 30 23 30 302
5000 2 2 12 30 23 35 602
5000 2 3 12 30 23 45 302
5000 2 4 12 30 23 50 302
5000 2 3 12 30 23 55 302
5000 2 3 12 31 * * *
5000 2 3 1 1 * * *
5000 2 3 1 2 * * *
5000 2 3 1 3 * * *
5000 2 2 1 4 0 0 6002
5000 2 1 1 4 1 0 6002
5000 2 1 2 13 23 30 190
5000 2 2 2 14 * * *
5000 2 2 2 15 * * *
#母瓜
5100 2 1 12 10 * * *
5100 2 1 12 24 23 30 302
5100 2 2 12 24 23 35 602
5100 2 3 12 24 23 45 302
5100 2 4 12 24 23 50 302
5100 2 3 12 24 23 55 302
5100 2 3 12 25 * * *
5100 2 2 12 26 0 0 6002
5100 2 1 12 26 1 0 6002
5100 2 1 12 30 23 30 302
5100 2 2 12 30 23 35 602
5100 2 3 12 30 23 45 302
5100 2 4 12 30 23 50 302
5100 2 3 12 30 23 55 302
5100 2 3 12 31 * * *
5100 2 3 1 1 * * *
5100 2 3 1 2 * * *
5100 2 3 1 3 * * *
5100 2 2 1 4 0 0 6002
5100 2 1 1 4 1 0 6002
5100 2 1 2 13 23 30 190
5100 2 2 2 14 * * *
5100 2 2 2 15 * * *
#本□丞
400 2 1 12 10 * * *
400 2 1 12 24 23 30 302
400 2 2 12 24 23 35 602
400 2 3 12 24 23 45 302
400 2 4 12 24 23 50 302
400 2 3 12 24 23 55 302
400 2 3 12 25 * * *
400 2 2 12 26 0 0 6002
400 2 1 12 26 1 0 6002
400 2 1 12 30 23 30 302
400 2 2 12 30 23 35 602
400 2 3 12 30 23 45 302
400 2 4 12 30 23 50 302
400 2 3 12 30 23 55 302
400 2 3 12 31 * * *
400 2 3 1 1 * * *
400 2 3 1 2 * * *
400 2 3 1 3 * * *
400 2 2 1 4 0 0 6002
400 2 1 1 4 1 0 6002
400 2 1 2 13 23 30 190
400 2 2 2 14 * * *
400 2 2 2 15 * * *
#平甘奶
6000 2 1 12 10 * * *
6000 2 1 12 24 23 30 302
6000 2 2 12 24 23 35 602
6000 2 3 12 24 23 45 302
6000 2 4 12 24 23 50 302
6000 2 3 12 24 23 55 302
6000 2 3 12 25 * * *
6000 2 2 12 26 0 0 6002
6000 2 1 12 26 1 0 6002
6000 2 1 12 30 23 30 302
6000 2 2 12 30 23 35 602
6000 2 3 12 30 23 45 302
6000 2 4 12 30 23 50 302
6000 2 3 12 30 23 55 302
6000 2 3 12 31 * * *
6000 2 3 1 1 * * *
6000 2 3 1 2 * * *
6000 2 3 1 3 * * *
6000 2 2 1 4 0 0 6002
6000 2 1 1 4 1 0 6002
6000 2 1 2 13 23 30 190
6000 2 2 2 14 * * *
6000 2 2 2 15 * * *
############################################
############################################
####################惚嫦曰#####################################
#扔奶瓜旦(100)
100 1 1 6 2 23 30 190
100 1 2 6 3 * * *
100 1 2 6 4 * * *
100 1 2 6 21 * * *
100 1 2 7 2 * * *
100 1 2 7 18 * * *
100 1 1 8 5 * * *
100 1 2 8 6 * * *
100 1 3 9 5 * * *
100 1 4 9 6 * * *
100 1 2 9 7 * * *
#扔丞幼伙(1000)
1000 1 1 6 2 23 30 190
1000 1 2 6 3 * * *
1000 1 2 6 4 * * *
1000 1 2 6 21 * * *
1000 1 2 7 2 * * *
1000 1 2 7 18 * * *
1000 1 1 8 5 * * *
1000 1 2 8 6 * * *
1000 1 3 9 5 * * *
1000 1 4 9 6 * * *
1000 1 2 9 7 * * *
#弁左(1100)
1100 1 1 6 2 23 30 190
1100 1 2 6 3 * * *
1100 1 2 6 4 * * *
1100 1 2 6 21 * * *
1100 1 2 7 2 * * *
1100 1 2 7 18 * * *
1100 1 1 8 5 * * *
1100 1 2 8 6 * * *
1100 1 3 9 5 * * *
1100 1 4 9 6 * * *
1100 1 2 9 7 * * *
#石玄伙(1300)
1300 1 1 6 2 23 30 190
1300 1 2 6 3 * * *
1300 1 2 6 4 * * *
1300 1 2 6 21 * * *
1300 1 2 7 2 * * *
1300 1 2 7 18 * * *
1300 1 1 8 5 * * *
1300 1 2 8 6 * * *
1300 1 3 9 5 * * *
1300 1 4 9 6 * * *
1300 1 2 9 7 * * *
#市正件(1400)
1400 1 1 6 2 23 30 190
1400 1 2 6 3 * * *
1400 1 2 6 4 * * *
1400 1 2 6 21 * * *
1400 1 2 7 2 * * *
1400 1 2 7 18 * * *
1400 1 1 8 5 * * *
1400 1 2 8 6 * * *
1400 1 3 9 5 * * *
1400 1 4 9 6 * * *
1400 1 2 9 7 * * *
#穴伉瓜旦(2000)
2000 1 1 6 2 23 30 190
2000 1 2 6 3 * * *
2000 1 2 6 4 * * *
2000 1 2 6 21 * * *
2000 1 2 7 2 * * *
2000 1 2 7 18 * * *
2000 1 1 8 5 * * *
2000 1 2 8 6 * * *
2000 1 3 9 5 * * *
2000 1 4 9 6 * * *
2000 1 2 9 7 * * *
#□□□呿朿(10920)
10920 1 1 6 2 23 30 190
10920 1 2 6 3 * * *
10920 1 2 6 4 * * *
10920 1 2 6 21 * * *
10920 1 2 7 2 * * *
10920 1 2 7 18 * * *
10920 1 1 8 5 * * *
10920 1 2 8 6 * * *
10920 1 3 9 5 * * *
10920 1 4 9 6 * * *
10920 1 2 9 7 * * *
#斥乓伙布(200)
200 1 1 6 2 23 30 190
200 1 2 6 3 * * *
200 1 2 6 4 * * *
200 1 2 6 21 * * *
200 1 2 7 2 * * *
200 1 2 7 18 * * *
200 1 1 8 5 * * *
200 1 2 8 6 * * *
200 1 3 9 5 * * *
200 1 4 9 6 * * *
200 1 2 9 7 * * *
200 1 2 10 22 * * *
200 1 2 11 19 * * *
#斥乓斥乓(3000)
3000 1 1 6 2 23 30 190
3000 1 2 6 3 * * *
3000 1 2 6 4 * * *
3000 1 2 6 21 * * *
3000 1 2 7 2 * * *
3000 1 2 7 18 * * *
3000 1 1 8 5 * * *
3000 1 2 8 6 * * *
3000 1 3 9 5 * * *
3000 1 4 9 6 * * *
3000 1 2 9 7 * * *
3000 1 2 10 22 * * *
3000 1 2 11 19 * * *
#正丞正丞(3100)
3100 1 1 6 2 23 30 190
3100 1 2 6 3 * * *
3100 1 2 6 4 * * *
3100 1 2 6 21 * * *
3100 1 2 7 2 * * *
3100 1 2 7 18 * * *
3100 1 1 8 5 * * *
3100 1 2 8 6 * * *
3100 1 3 9 5 * * *
3100 1 4 9 6 * * *
3100 1 2 9 7 * * *
3100 1 2 10 22 * * *
3100 1 2 11 19 * * *
#玄玄(3200)
3200 1 1 6 2 23 30 190
3200 1 2 6 3 * * *
3200 1 2 6 4 * * *
3200 1 2 6 21 * * *
3200 1 2 7 2 * * *
3200 1 2 7 18 * * *
3200 1 1 8 5 * * *
3200 1 2 8 6 * * *
3200 1 3 9 5 * * *
3200 1 4 9 6 * * *
3200 1 2 9 7 * * *
3200 1 2 10 22 * * *
3200 1 2 11 19 * * *
#它伙伉(3300)
3300 1 1 6 2 23 30 190
3300 1 2 6 3 * * *
3300 1 2 6 4 * * *
3300 1 2 6 21 * * *
3300 1 2 7 2 * * *
3300 1 2 7 18 * * *
3300 1 1 8 5 * * *
3300 1 2 8 6 * * *
3300 1 3 9 5 * * *
3300 1 4 9 6 * * *
3300 1 2 9 7 * * *
3300 1 2 10 22 * * *
3300 1 2 11 19 * * *
#平弁弁(3400)
3400 1 1 6 2 23 30 190
3400 1 2 6 3 * * *
3400 1 2 6 4 * * *
3400 1 2 6 21 * * *
3400 1 2 7 2 * * *
3400 1 2 7 18 * * *
3400 1 1 8 5 * * *
3400 1 2 8 6 * * *
3400 1 3 9 5 * * *
3400 1 4 9 6 * * *
3400 1 2 9 7 * * *
3400 1 2 10 22 * * *
3400 1 2 11 19 * * *
#市伙正□瓜(4000)
4000 1 1 6 2 23 30 190
4000 1 2 6 3 * * *
4000 1 2 6 4 * * *
4000 1 2 6 21 * * *
4000 1 2 7 2 * * *
4000 1 2 7 18 * * *
4000 1 1 8 5 * * *
4000 1 2 8 6 * * *
4000 1 3 9 5 * * *
4000 1 4 9 6 * * *
4000 1 2 9 7 * * *
4000 1 2 10 22 * * *
4000 1 2 11 19 * * *
#正丞正丞及辄赡(20105)
20105 1 1 6 2 23 30 190
20105 1 2 6 3 * * *
20105 1 2 6 4 * * *
20105 1 2 6 21 * * *
20105 1 2 7 2 * * *
20105 1 2 7 18 * * *
20105 1 1 8 5 * * *
20105 1 2 8 6 * * *
20105 1 3 9 5 * * *
20105 1 4 9 6 * * *
20105 1 2 9 7 * * *
20105 1 2 10 22 * * *
20105 1 2 11 19 * * *
#打乩辄及辄赡(20406)
20406 1 1 6 2 23 30 190
20406 1 2 6 3 * * *
20406 1 2 6 4 * * *
20406 1 2 6 21 * * *
20406 1 2 7 2 * * *
20406 1 2 7 18 * * *
20406 1 1 8 5 * * *
20406 1 2 8 6 * * *
20406 1 3 9 5 * * *
20406 1 4 9 6 * * *
20406 1 2 9 7 * * *
20406 1 2 10 22 * * *
20406 1 2 11 19 * * *
#仿玄仿辄及赡晓(20309)
20309 1 1 6 2 23 30 190
20309 1 2 6 3 * * *
20309 1 2 6 4 * * *
20309 1 2 6 21 * * *
20309 1 2 7 2 * * *
20309 1 2 7 18 * * *
20309 1 1 8 5 * * *
20309 1 2 8 6 * * *
20309 1 3 9 5 * * *
20309 1 4 9 6 * * *
20309 1 2 9 7 * * *
20309 1 2 10 22 * * *
20309 1 2 11 19 * * *
#幼□伙(300)
300 1 1 6 2 23 30 190
300 1 2 6 3 * * *
300 1 2 6 4 * * *
300 1 2 6 21 * * *
300 1 2 7 2 * * *
300 1 2 7 18 * * *
300 1 1 8 5 * * *
300 1 2 8 6 * * *
300 1 3 9 5 * * *
300 1 4 9 6 * * *
300 1 2 9 7 * * *
#白伙□玉(5000)
5000 1 1 6 2 23 30 190
5000 1 2 6 3 * * *
5000 1 2 6 4 * * *
5000 1 2 6 21 * * *
5000 1 2 7 2 * * *
5000 1 2 7 18 * * *
5000 1 1 8 5 * * *
5000 1 2 8 6 * * *
5000 1 3 9 5 * * *
5000 1 4 9 6 * * *
5000 1 2 9 7 * * *
#母瓜(5100)
5100 1 1 6 2 23 30 190
5100 1 2 6 3 * * *
5100 1 2 6 4 * * *
5100 1 2 6 21 * * *
5100 1 2 7 2 * * *
5100 1 2 7 18 * * *
5100 1 1 8 5 * * *
5100 1 2 8 6 * * *
5100 1 3 9 5 * * *
5100 1 4 9 6 * * *
5100 1 2 9 7 * * *
#本□丞(400)
400 1 1 6 2 23 30 190
400 1 2 6 3 * * *
400 1 2 6 4 * * *
400 1 2 6 21 * * *
400 1 2 7 2 * * *
400 1 2 7 18 * * *
400 1 1 8 5 * * *
400 1 2 8 6 * * *
400 1 3 9 5 * * *
400 1 4 9 6 * * *
400 1 2 9 7 * * *
#平甘奶(6000)
6000 1 1 6 2 23 30 190
6000 1 2 6 3 * * *
6000 1 2 6 4 * * *
6000 1 2 6 21 * * *
6000 1 2 7 2 * * *
6000 1 2 7 18 * * *
6000 1 1 8 5 * * *
6000 1 2 8 6 * * *
6000 1 3 9 5 * * *
6000 1 4 9 6 * * *
6000 1 2 9 7 * * *
#8.0主城跟庄园下雪
7500 3 3 * * * * * *
7530 3 3 * * * * * *
7600 3 4 * * * * * *
############################################
#LostSea
999 2 1 12 10 * * *
999 2 1 12 24 23 30 302
999 2 2 12 24 23 35 602
999 2 3 12 24 23 45 302
999 2 4 12 24 23 50 302
999 2 3 12 24 23 55 302
999 2 3 12 25 * * *
999 2 2 12 26 0 0 6002
999 2 1 12 26 1 0 6002
999 2 1 12 30 23 30 302
999 2 2 12 30 23 35 602
999 2 3 12 30 23 45 302
999 2 4 12 30 23 50 302
999 2 3 12 30 23 55 302
999 2 3 12 31 * * *
999 2 3 1 1 * * *
999 2 3 1 2 * * *
999 2 3 1 3 * * *
999 2 2 1 4 0 0 6002
999 2 1 1 4 1 0 6002
999 2 1 2 13 23 30 190
999 2 2 2 14 * * *
999 2 2 2 15 * * *
