0 0
1 2
2 6
3 18
4 37
5 67
6 110
7 170
8 246
9 344
10 464
11 610
12 782
13 986
14 1221
15 1491
16 1798
17 2146
18 2534
19 2968
20 3448
21 3978
22 4558
23 5194
24 5885
25 6635
26 7446
27 8322
28 9262
29 10272
30 11352
31 12506
32 13734
33 15042
34 16429
35 17899
36 19454
37 21098
38 22830
39 24656
40 26576
41 28594
42 30710
43 32930
44 35253
45 37683
46 40222
47 42874
48 45638
49 48520
50 51520
51 54642
52 57886
53 61258
54 64757
55 68387
56 72150
57 76050
58 80086
59 84264
60 106110
61 113412
62 121149
63 129352
64 138044
65 147256
66 157019
67 167366
68 178334
69 189958
70 202282
71 215348
72 229205
73 243901
74 259495
75 276041
76 293606
77 312258
78 332071
79 353126
80 375511
81 399318
82 424655
83 451631
84 480370
85 511007
86 543686
87 578571
88 615838
89 655680
90 698312
91 743971
92 792917
93 845443
94 901868
95 962554
96 1027899
97 1098353
98 1174420
99 12001251
100 1345723
101 1442322
102 1547281
103 1661531
104 1786143
105 1922340
106 2071533
107 2235351
108 2415689
109 2614754
110 2845723
111 3079892
112 3352633
113 3657676
114 4000195
115 4386445
116 4824041
117 5322323
118 5892866
119 6501251
120 7558121
121 8496114
122 9025638
123 10821885
124 11698249
125 12734876
126 13097265
127 14290815
128 15487425
129 45687119
130 60558121
131 60195855
132 60204945
133 60317215
134 60432689
135 60513191
136 60633425
137 60798575
138 60827105
139 60958959
140 61558121
141 61342735
142 62584705
143 62830095
144 62078929
145 62331231
146 62587025
147 62846335
148 63109185
149 120615599
150 73258121
151 73929215
152 74506465
153 75087375
154 75671969
155 76260271
156 76752305
157 77148095
158 77747665
159 78321039
160 79058121
161 80174295
162 82189225
163 83508055
164 84830809
165 85157511
166 86488185
167 87822855
168 88461545
169 327724279
170 100581210
171 106206975
172 116461985
173 110921135
174 121284449
175 131651951
176 142023665
177 152399615
178 162779825
179 403434319
180 195581210
181 196951255
182 197348745
183 198750615
184 199156889
185 205567591
186 206982745
187 207402375
188 208826505
189 407575159
190 850000000
191 900000000
192 950000000
193 1000000000
194 1050000000
195 1100000000
196 1150000000
197 1200000000
198 1224150000 
199 1224150000