#사냥터
최초의동굴,1000,-1,-1,,100,,,,,,,,,,100,,,,,,,,,
끈기의정글,1001,-1,-1,,104,105,106,107,,,,,,,10,10,10,10,10,,,,,
인내의해변,1002,-1,-1,,108,109,110,111,,,,,,,10,10,10,10,10,,,,,
중급의동굴,1003,-1,-1,,112,113,114,115,,,,,,,10,10,10,10,10,,,,,
시련의유적,1004,-1,-1,,116,117,118,119,,,,,,,10,10,10,10,10,,,,,
망각의사원,1005,-1,-1,,120,121,122,123,,,,,,,10,10,10,10,10,,,,,
공존의평원,1006,-1,-1,,124,125,126,127,,,,,,,10,10,10,10,10,,,,,
망자의무덤,1007,-1,-1,,128,129,130,131,,,,,,,10,10,10,10,10,,,,,
붕괴의공간,1008,-1,-1,,132,133,134,135,,,,,,,10,10,10,10,10,,,,,
흑백의미로,1009,-1,-1,,136,137,138,139,,,,,,,10,10,10,10,10,,,,,
고야,1010,1120,-1,,7001,7002,7003,7004,7005,,,,,,10,10,10,10,10,,,,,
루크,1012,1261,-1,9023,9024,9025,9026,,,,,,,10,10,10,10,10,10,10,10,10,10,
류한,1013,1295,-1,9034,9035,9036,9037,,,,,,,10,10,10,10,10,10,10,10,10,10,
각시탈의방,1014,-1,-1,,140,141,142,143,,,,,,,10,10,10,10,10,,,,,
논,1015,-1,-1,,144,145,146,,,,,,,,10,10,10,10,10,,,,,
#1레벨출현
최초의동굴,1020,100011,-1,,1043,1045,1062,1072,,,,,,,1,1,1,1,,,,,,
끈기의정글,1021,100011,-1,,1041,1047,1063,1074,,,,,,,1,1,1,1,,,,,,
인내의해변,1022,100011,-1,,1048,1049,1064,1075,,,,,,,1,1,1,1,,,,,,
중급의동굴,1023,100011,-1,,1050,1053,1065,1076,,,,,,,1,1,1,1,,,,,,
시련의유적,1024,100011,-1,,1054,1055,1066,1077,,,,,,,1,1,1,1,,,,,,
망각의사원,1025,100011,-1,,1056,1057,1067,1078,,,,,,,1,1,1,1,,,,,,
공존의평원,1026,100011,-1,,1058,1059,1068,1079,,,,,,,1,1,1,1,,,,,,
망자의무덤,1027,100011,-1,,1060,1040,1069,1080,,,,,,,1,1,1,1,,,,,,
붕괴의공간,1028,100011,-1,,1042,1044,1070,1081,,,,,,,1,1,1,1,,,,,,
흑백의미로,1029,100011,-1,,1051,1061,1071,1073,1082,,,,,,1,1,1,1,1,,,,,
초기펫1,1030,-1-1,,1006,1005,1002,1000,1004,,,,,,1,1,1,1,1,,,,,
초기펫2,1031,-1-1,,1007,1012,1015,1016,1017,,,,,,1,1,1,1,1,,,,,
초기펫3,1032,-1-1,,1018,1021,1022,1023,1026,,,,,,1,1,1,1,1,,,,,
초기펫4,1033,-1-1,,1027,1009,1001,1010,1013,,,,,,1,1,1,1,1,,,,,
초기펫5,1034,-1-1,,1014,1019,1020,1008,1003,,,,,,1,1,1,1,1,,,,,
초기펫6,1035,-1-1,,1011,1024,1025,1028,1033,,,,,,1,1,1,1,1,,,,,
초기펫7,1036,-1-1,,1034,1035,1036,1031,1030,,,,,,1,1,1,1,1,,,,,
초기펫8,1037,-1-1,,1032,1029,,,,,,,,,1,1,,,,,,,,


