#
ЕЮИЎ_1,1,-1,49200,1,,,,,,,,,,1,,,,,,,,,
ФЩРЬКё_1,2,-1,49200,2,,,,,,,,,,1,,,,,,,,,
ФэФэИЃ_1,3,-1,49200,3,,,,,,,,,,1,,,,,,,,,
ПРХѕХѕ_1,4,-1,49200,4,,,,,,,,,,1,,,,,,,,,
#
ЕЮИЎ_2/5,5,-1,-1,5,,,,,,,,,,1,,,,,,,,,
ФЩРЬКё_2/5,6,-1,-1,6,,,,,,,,,,1,,,,,,,,,
ФэФэИЃ_2/5,7,-1,-1,7,,,,,,,,,,1,,,,,,,,,
ПРХѕХѕ_2/5,8,-1,-1,8,,,,,,,,,,1,,,,,,,,,
#
#
ХфИЃЧСНК_1,86,-1,49200,154,,,,,,,,,,1,,,,,,,,,
ХфИЃЧСНК_2/6,87,-1,-1,155,,,,,,,,,,1,,,,,,,,,
#
# МЄБтИЃ ОеИЖДч
ХЅРЬ_1,88,-1,49200,119,,,,,,,,,,1,,,,,,,,,
ХЅРЬ_2/3,89,-1,-1,120,,,,,,,,,,1,,,,,,,,,
ХЅРЬ_3/5,90,-1,-1,121,,,,,,,,,,1,,,,,,,,,
АёЕхФЋКёЦЎ_1,91,-1,49200,122,,,,,,,,,,1,,,,,,,,,
АёЕхФЋКёЦЎ_2/3,92,-1,-1,123,,,,,,,,,,1,,,,,,,,,
АёЕхФЋКёЦЎ_3/5,93,-1,-1,124,,,,,,,,,,1,,,,,,,,,
ХЅРЬ_2/3&1АёЕхФЋКёЦЎ_2/3,94,-1,-1,120,123,,,,,,,,,1,1,,,,,,,,
#
ГыКЯРЬ_1,95,-1,49200,125,,,,,,,,,,1,,,,,,,,,
ГыКЯРЬ_3/4,96,-1,-1,126,,,,,,,,,,1,,,,,,,,,
ГыКЯРЬ_4/6,97,-1,-1,127,,,,,,,,,,1,,,,,,,,,
КЯРЬ_1,98,-1,49200,128,,,,,,,,,,1,,,,,,,,,
КЯРЬ_3/4,99,-1,-1,129,,,,,,,,,,1,,,,,,,,,
КЯРЬ_4/6,100,-1,-1,130,,,,,,,,,,1,,,,,,,,,
ГыКЯРЬ_4/6&КЯРЬ_4/6,101,-1,-1,127,130,,,,,,,,,1,1,,,,,,,,
#
ПьИЎ_1,104,-1,49200,140,,,,,,,,,,1,,,,,,,,,
ПьИЎ_2/3,105,-1,-1,141,,,,,,,,,,1,,,,,,,,,
ПьИЎ_3/5,106,-1,-1,142,,,,,,,,,,1,,,,,,,,,
ОѓЗшПьИЎ_1,107,-1,49200,143,,,,,,,,,,1,,,,,,,,,
ОѓЗшПьИЎ_2/3,108,-1,-1,144,,,,,,,,,,1,,,,,,,,,
ОѓЗшПьИЎ_3/5,109,-1,-1,145,,,,,,,,,,1,,,,,,,,,
#
ХфИЎФЩЖѓ_1,110,-1,49200,146,,,,,,,,,,1,,,,,,,,,
ХфИЎФЩЖѓ_2/4,111,-1,-1,147,,,,,,,,,,1,,,,,,,,,
ХфИЎФЩЖѓ_4/6,112,-1,-1,148,,,,,,,,,,1,,,,,,,,,
ЦцХИНК_1,113,-1,49200,149,,,,,,,,,,1,,,,,,,,,
ЦцХИНК_2/4,114,-1,-1,150,,,,,,,,,,1,,,,,,,,,
ЦцХИНК_4/6,115,-1,-1,151,,,,,,,,,,1,,,,,,,,,
#
sai_w_213&212_2/4,116,-1,-1,147,150,,,,,,,,,1,1,,,,,,,,
sai_w_213&212_4/6,117,-1,-1,148,151,,,,,,,,,1,1,,,,,,,,
ЙйЗЮЗЮХЉНК_1,118,-1,49200,153,,,,,,,,,,1,,,,,,,,,
ЙйЗЮЗЮХЉНК_10,119,-1,-1,152,,,,,,,,,,1,,,,,,,,,
#
КЮКё_1,120,-1,49200,156,,,,,,,,,,1,,,,,,,,,
КЮКё_8/10,121,-1,-1,157,,,,,,,,,,1,,,,,,,,,
КЮКё_10/12,122,-1,-1,158,,,,,,,,,,1,,,,,,,,,
КЮКё_12/14,123,-1,-1,159,,,,,,,,,,1,,,,,,,,,
#
КЮРЬ_1,124,-1,49200,160,,,,,,,,,,1,,,,,,,,,
КЮРЬ_8/10,125,-1,-1,161,,,,,,,,,,,,,,,,,,,
КЮРЬ_10/12,126,-1,-1,162,,,,,,,,,,1,,,,,,,,,
КЮРЬ_12/14,127,-1,-1,163,,,,,,,,,,1,,,,,,,,,
#
ШФЙйЙй_1,131,-1,49200,165,,,,,,,,,,1,,,,,,,,,
ШФЙйЙй_10/13,132,-1,-1,167,,,,,,,,,,1,,,,,,,,,
ШФЙйЙй_12/15,133,-1,-1,168,,,,,,,,,,1,,,,,,,,,
ШФЙйЙй_14/17,134,-1,-1,169,,,,,,,,,,1,,,,,,,,,
ЗчДЯ_1,135,-1,49200,170,,,,,,,,,,1,,,,,,,,,
ЗчДЯ_11/14,136,-1,-1,171,,,,,,,,,,1,,,,,,,,,
ЗчДЯ_13/16,137,-1,-1,172,,,,,,,,,,1,,,,,,,,,
ЗчДЯ_15/18,139,-1,-1,173,,,,,,,,,,1,,,,,,,,,
ШФЙйЙй_10/13&ЗчДЯ_11/14,140,-1,-1,167,171,,,,,,,,,1,1,,,,,,,,
ШФЙйЙй_12/15&ЗчДЯ_13/16,141,-1,-1,168,172,,,,,,,,,1,,,,,,,,,
ШФЙйЙй_14/17&ЗчДЯ_15/18,142,-1,-1,169,173,,,,,,,,,1,1,,,,,,,,
#
ХИЗЮАя_1,143,-1,49200,174,,,,,,,,,,1,,,,,,,,,
ХИЗЮАя_10/14,144,-1,-1,175,,,,,,,,,,1,,,,,,,,,
ХИЗЮАя_12/16,145,-1,-1,176,,,,,,,,,,1,,,,,,,,,
ХИЗЮАя_16/20,146,-1,-1,177,,,,,,,,,,1,,,,,,,,,
ДйАэНК_1,147,-1,49200,178,,,,,,,,,,1,,,,,,,,,
ДйАэНК_9/13,148,-1,-1,179,,,,,,,,,,1,,,,,,,,,
ДйАэНК_11/15,149,-1,-1,180,,,,,,,,,,1,,,,,,,,,
ДйАэНК_15/19,150,-1,-1,181,,,,,,,,,,1,,,,,,,,,
#
sai_d_063_10/14&064_9/13,151,-1,-1,175,179,,,,,,,,,1,1,,,,,,,,
sai_d_063_12/16&064_11/15,152,-1,-1,176,180,,,,,,,,,1,1,,,,,,,,
sai_d_063_16/20&064_15/19,153,-1,-1,177,181,,,,,,,,,1,1,,,,,,,,
#
ХИХА_1,156,-1,49200,190,,,,,,,,,,1,,,,,,,,,
ХИХА_8/10,157,-1,-1,191,,,,,,,,,,1,,,,,,,,,
ХИХА_10/12,158,-1,-1,192,,,,,,,,,,1,,,,,,,,,
ХИХА_12/14,159,-1,-1,193,,,,,,,,,,1,,,,,,,,,
#
ФЋХА_1,160,-1,49200,194,,,,,,,,,,1,,,,,,,,,
ФЋХА_9/11,161,-1,-1,195,,,,,,,,,,1,,,,,,,,,
ФЋХА_11/13,162,-1,-1,196,,,,,,,,,,1,,,,,,,,,
ФЋХА_13/15,163,-1,-1,197,,,,,,,,,,1,,,,,,,,,
#
ХИХА_1&ФЋХА_1,164,-1,49200,190,194,,,,,,,,,1,1,,,,,,,,
sai_n_291_8/10&294_9/11,165,-1,-1,191,195,,,,,,,,,1,1,,,,,,,,
sai_n_291_10/12&294_11/13,166,-1,-1,192,196,,,,,,,,,1,1,,,,,,,,
sai_n_294_11/13&294_13/15,167,-1,-1,196,197,,,,,,,,,1,1,,,,,,,,
#
sai_ei_001_15/20,169,-1,-1,255,,,,,,,,,,1,,,,,,,,,
sai_ei_003_15/20,170,-1,-1,256,,,,,,,,,,1,,,,,,,,,
ФЋКёЦЎ_1,171,-1,49200,257,,,,,,,,,,1,,,,,,,,,
ФЋКёЦЎ_15/20,172,-1,-1,258,,,,,,,,,,1,,,,,,,,,
sai_wi_113_15/20,173,-1,-1,259,,,,,,,,,,1,,,,,,,,,
sai_wi_114_15/20,174,-1,-1,260,,,,,,,,,,1,,,,,,,,,
sai_wi_111&113&114_15/20,175,-1,-1,258,259,260,,,,,,,,1,1,1,,,,,,,
sai_sf_051_6/8,176,-1,-1,263,,,,,,,,,,1,,,,,,,,,
sai_sf_052_5/7,177,-1,-1,265,,,,,,,,,,1,,,,,,,,,
sai_sf_051_6/8&052_5/7,178,-1,-1,263,265,,,,,,,,,1,1,,,,,,,,
sai_sf_212_5/7,179,-1,-1,262,,,,,,,,,,1,,,,,,,,,
sai_sf_213_6/8,180,-1,-1,261,,,,,,,,,,1,,,,,,,,,
sai_sf_212_5/7&213_6/8,181,-1,-1,262,261,,,,,,,,,1,1,,,,,,,,
#
КЃЗа_1,182,-1,49200,266,,,,,,,,,,1,,,,,,,,,
КЃЗа_20/22,183,-1,-1,267,,,,,,,,,,1,,,,,,,,,
#
dan_1_00_051_21/23,184,-1,-1,268,,,,,,,,,,1,,,,,,,,,
dan_1_00_051_21/23,185,-1,-1,269,,,,,,,,,,1,,,,,,,,,
dan_1_00_051_28/30,186,-1,-1,270,,,,,,,,,,1,,,,,,,,,
#
КЃЗЮЗЮХЉ_1,187,-1,49200,271,,,,,,,,,,1,,,,,,,,,
КЃЗЮЗЮХЉ_20/22,188,-1,-1,272,,,,,,,,,,1,,,,,,,,,
#
dan_1_00_052_21/23,189,-1,-1,273,,,,,,,,,,1,,,,,,,,,
dan_1_00_052_21/23,190,-1,-1,274,,,,,,,,,,1,,,,,,,,,
dan_1_00_052_28/30,191,-1,-1,275,,,,,,,,,,1,,,,,,,,,
dan_1_00_051&052_20/22,192,-1,-1,267,272,,,,,,,,,1,1,,,,,,,,
dan_1_00_051&052_21/23,193,-1,-1,268,273,,,,,,,,,1,1,,,,,,,,
dan_1_00_051&052_21/23,194,-1,-1,269,274,,,,,,,,,1,1,,,,,,,,
dan_1_00_051&052_28/30,195,-1,-1,270,275,,,,,,,,,1,1,,,,,,,,
dan_1_00_41_22/24,197,-1,-1,278,,,,,,,,,,1,,,,,,,,,
dan_1_00_41_25/27,198,-1,-1,280,,,,,,,,,,1,,,,,,,,,
dan_1_00_42_22/24,201,-1,-1,282,,,,,,,,,,1,,,,,,,,,
dan_1_00_42_25/27,202,-1,-1,283,,,,,,,,,,1,,,,,,,,,
dan_1_00_41&42__22/24,203,-1,-1,278,282,,,,,,,,,1,1,,,,,,,,
dan_1_00_41&42__25/27,204,-1,-1,280,283,,,,,,,,,1,1,,,,,,,,
sai_n_011_10/12,205,-1,-1,159,,,,,,,,,,1,,,,,,,,,
dan_1_01_41_20/21,206,-1,-1,285,,,,,,,,,,1,,,,,,,,,
dan_1_01_41_21/23,207,-1,-1,286,,,,,,,,,,1,,,,,,,,,
dan_1_01_41_23/25,208,-1,-1,287,,,,,,,,,,1,,,,,,,,,
dan_1_01_42_20/23,210,-1,-1,289,,,,,,,,,,1,,,,,,,,,
dan_1_01_42_22/25,211,-1,-1,290,,,,,,,,,,1,,,,,,,,,
dan_1_01_42_24/26,212,-1,-1,291,,,,,,,,,,1,,,,,,,,,
dan_1_01_41_20/21&42_20/23,213,-1,-1,285,289,,,,,,,,,1,1,,,,,,,,
dan_1_01_41_20/21&42_22/25,214,-1,-1,286,290,,,,,,,,,1,1,,,,,,,,
dan_1_01_41_23/25&42_24/26,215,-1,-1,287,291,,,,,,,,,1,1,,,,,,,,
#
ЧЊЧЊ_1,226,-1,49200,369,,,,,,,,,,1,,,,,,,,,
ЧЊЧЊ_2/3,227,-1,-1,370,,,,,,,,,,1,,,,,,,,,
ЧЊЧЊ_3/4,228,-1,-1,371,,,,,,,,,,1,,,,,,,,,
ПьЧЊ_1,229,-1,49200,372,,,,,,,,,,1,,,,,,,,,
ПьЧЊ_2/3,230,-1,-1,373,,,,,,,,,,1,,,,,,,,,
ПьЧЊ_3/4,231,-1,-1,374,,,,,,,,,,1,,,,,,,,,
#
ЦїИЕ_1,234,-1,49200,378,,,,,,,,,,1,,,,,,,,,
ЦїИЕ_2/4,235,-1,-1,379,,,,,,,,,,1,,,,,,,,,
ЦїИЕ_3/5,236,-1,-1,380,,,,,,,,,,1,,,,,,,,,
#
ХфИЎГыЧСНК_1,237,-1,49200,375,,,,,,,,,,1,,,,,,,,,
ХфИЎГыЧСНК_3/5,238,-1,-1,376,,,,,,,,,,1,,,,,,,,,
ХфИЎГыЧСНК_4/6,239,-1,-1,377,,,,,,,,,,1,,,,,,,,,
#
ФэИЕ_1,240,-1,49200,382,,,,,,,,,,1,,,,,,,,,
ФэИЕ_2/3,241,-1,-1,383,,,,,,,,,,1,,,,,,,,,
ФэИЕ_3/4,242,-1,-1,384,,,,,,,,,,1,,,,,,,,,
ИЎНКХА_1,243,-1,49200,385,,,,,,,,,,1,,,,,,,,,
ИЎНКХА_2/3,244,-1,-1,386,,,,,,,,,,1,,,,,,,,,
ИЎНКХА_3/4,245,-1,-1,387,,,,,,,,,,1,,,,,,,,,
#
АэЙнФЩНК_1,246,-1,49200,394,,,,,,,,,,1,,,,,,,,,
АэЙнФЩНК_2/3,247,-1,-1,395,,,,,,,,,,1,,,,,,,,,
ЦЧСі_1,248,-1,49200,396,,,,,,,,,,1,,,,,,,,,
ЦЧСі_2/3,249,-1,-1,397,,,,,,,,,,1,,,,,,,,,
#
ХѕХѕ_1,254,-1,49200,388,,,,,,,,,,1,,,,,,,,,
ХѕХѕ_2/4,255,-1,-1,389,,,,,,,,,,1,,,,,,,,,
ХѕХѕ_3/5,256,-1,-1,390,,,,,,,,,,1,,,,,,,,,
#
ГзАэНК_1,257,-1,49200,391,,,,,,,,,,1,,,,,,,,,
ГзАэНК_3/5,258,-1,-1,392,,,,,,,,,,1,,,,,,,,,
ГзАэНК_4/6,259,-1,-1,393,,,,,,,,,,1,,,,,,,,,
#
ФЋФэ_1,260,-1,49200,406,,,,,,,,,,1,,,,,,,,,
ФЋФэ_12/15,261,-1,-1,407,,,,,,,,,,1,,,,,,,,,
ФЋФэ_14/17,262,-1,-1,408,,,,,,,,,,1,,,,,,,,,
ФЋФэ_16/18,263,-1,-1,409,,,,,,,,,,1,,,,,,,,,
ЙйФЋ_1,264,-1,49200,410,,,,,,,,,,1,,,,,,,,,
ЙйФЋ_11/14,265,-1,-1,411,,,,,,,,,,1,,,,,,,,,
ЙйФЋ_13/16,266,-1,-1,412,,,,,,,,,,1,,,,,,,,,
ЙйФЋ_15/18,267,-1,-1,413,,,,,,,,,,1,,,,,,,,,
#
КЃИЃАЁ_1,271,-1,49200,414,,,,,,,,,,1,,,,,,,,,
КЃИЃАЁ_14/16,272,-1,-1,415,,,,,,,,,,1,,,,,,,,,
КЃИЃАЁ_16/18,273,-1,-1,416,,,,,,,,,,1,,,,,,,,,
КЃИЃАЁ_18/20,274,-1,-1,417,,,,,,,,,,1,,,,,,,,,
#
КЃЗчЗч_1,275,-1,49200,418,,,,,,,,,,1,,,,,,,,,
КЃЗчЗч_14/16,276,-1,-1,419,,,,,,,,,,1,,,,,,,,,
КЃЗчЗч_16/18,277,-1,-1,420,,,,,,,,,,1,,,,,,,,,
КЃЗчЗч_18/20,278,-1,-1,421,,,,,,,,,,1,,,,,,,,,
#
КЃИЃАЁ_14/16&КЃЗчЗч_14/16,279,-1,-1,415,419,,,,,,,,,1,1,,,,,,,,
КЃИЃАЁ_16/18&КЃЗчЗч_16/18,280,-1,-1,416,420,,,,,,,,,1,1,,,,,,,,
КЃИЃАЁ_18/20&КЃЗчЗч_18/20,281,-1,-1,417,421,,,,,,,,,1,1,,,,,,,,
#
ФэФэ_1,282,-1,49200,398,,,,,,,,,,1,,,,,,,,,
ФэФэ_10/13,283,-1,-1,399,,,,,,,,,,1,,,,,,,,,
ФэФэ_12/15,284,-1,-1,400,,,,,,,,,,1,,,,,,,,,
ФэФэ_14/16,285,-1,-1,401,,,,,,,,,,1,,,,,,,,,
ШЃИЃФэ_1,286,-1,49200,402,,,,,,,,,,1,,,,,,,,,
ШЃИЃФэ_10/13,287,-1,-1,403,,,,,,,,,,1,,,,,,,,,
ШЃИЃФэ_12/15,288,-1,-1,404,,,,,,,,,,1,,,,,,,,,
ШЃИЃФэ_14/16,289,-1,-1,405,,,,,,,,,,1,,,,,,,,,
#
jal_s_292_10/13&293_10/13,290,-1,-1,399,403,,,,,,,,,1,1,,,,,,,,
jal_s_292_12/15&293_12/15,291,-1,-1,400,404,,,,,,,,,1,1,,,,,,,,
jal_s_292_14/16&293_14/16,292,-1,-1,401,405,,,,,,,,,1,1,,,,,,,,
jal_s_221_15/17,293,-1,-1,422,,,,,,,,,,1,,,,,,,,,
jal_s_221_16/18,294,-1,-1,423,,,,,,,,,,1,,,,,,,,,
jal_s_221_18/20,295,-1,-1,424,,,,,,,,,,1,,,,,,,,,
jal_s_224_15/17,296,-1,-1,425,,,,,,,,,,1,,,,,,,,,
jal_s_224_16/18,297,-1,-1,426,,,,,,,,,,1,,,,,,,,,
jal_s_224_18/20,298,-1,-1,427,,,,,,,,,,1,,,,,,,,,
jal_s_221_15/17&224_15/17,299,-1,-1,422,425,,,,,,,,,1,1,,,,,,,,
jal_s_221_16/18&224_16/18,300,-1,-1,423,426,,,,,,,,,1,1,,,,,,,,
jal_s_221_18/20&224_18/20,301,-1,-1,424,427,,,,,,,,,1,1,,,,,,,,
jal_I_101_10/12,302,-1,-1,428,,,,,,,,,,1,,,,,,,,,
jal_I_103_10/12,303,-1,-1,429,,,,,,,,,,1,,,,,,,,,
jal_I_104_10/12,304,-1,-1,430,,,,,,,,,,1,,,,,,,,,
jal_I_101_3_15/20,305,-1,-1,428,429,430,,,,,,,,1,1,1,,,,,,,
#
КЮРЬКё_1,306,-1,49200,433,,,,,,,,,,1,,,,,,,,,
КЮРЬКё_8/10,307,-1,-1,434,,,,,,,,,,1,,,,,,,,,
#
jal_I_211_6/9,308,-1,-1,431,,,,,,,,,,1,,,,,,,,,
jal_I_62_6/9,309,-1,-1,432,,,,,,,,,,1,,,,,,,,,
jal_I_31_10/12,310,-1,-1,435,,,,,,,,,,1,,,,,,,,,
jal_I_32_10/12,311,-1,-1,436,,,,,,,,,,1,,,,,,,,,
jal_I_33_10/12,312,-1,-1,437,,,,,,,,,,1,,,,,,,,,
jal_I_31_3_10/12,313,-1,-1,435,436,437,,,,,,,,1,1,1,,,,,,,
#
ООКИНК_1,314,-1,49200,438,,,,,,,,,,1,,,,,,,,,
ООКИНК_18/20,315,-1,-1,439,,,,,,,,,,1,,,,,,,,,
#
Р№БзЖѓ_1,317,-1,49200,442,,,,,,,,,,1,,,,,,,,,
Р№БзЖѓ_18/22,318,-1,-1,443,,,,,,,,,,1,,,,,,,,,
Р№Бз_1,319,-1,49200,444,,,,,,,,,,1,,,,,,,,,
Р№Бз_18/22,320,-1,-1,445,,,,,,,,,,1,,,,,,,,,
#
dan_1_02_102_20/30,322,-1,-1,452,,,,,,,,,,1,,,,,,,,,
dan_1_02_112_20/30,323,-1,-1,453,,,,,,,,,,1,,,,,,,,,
dan_1_02_2_20/30,324,-1,-1,450,,,,,,,,,,1,,,,,,,,,
dan_1_02_34_20/30,325,-1,-1,451,,,,,,,,,,1,,,,,,,,,
dan_1_02_s4,326,-1,-1,452,451,453,450,,,,,,,1,1,1,1,,,,,,
#
ВПЙЬ_1,328,-1,49200,455,,,,,,,,,,1,,,,,,,,,
ВПЙЬ_25/28,329,-1,-1,456,,,,,,,,,,1,,,,,,,,,
ВПКё_1,330,-1,49200,457,,,,,,,,,,1,,,,,,,,,
ВПКё_28/30,331,-1,-1,458,,,,,,,,,,1,,,,,,,,,
dan_2_03_21_25/28&22_28/30,332,-1,-1,456,458,,,,,,,,,5,1,,,,,,,,
#
ЙйПь_1,333,-1,49200,459,,,,,,,,,,1,,,,,,,,,
ЙйПь_10/13,334,-1,-1,460,,,,,,,,,,1,,,,,,,,,
ЙйПь_12/15,335,-1,-1,461,,,,,,,,,,1,,,,,,,,,
ФЋПь_1,336,-1,49200,462,,,,,,,,,,1,,,,,,,,,
ФЋПь_10/13,337,-1,-1,463,,,,,,,,,,1,,,,,,,,,
ФЋПь_12/15,338,-1,-1,464,,,,,,,,,,1,,,,,,,,,
#
ЦїКИ_1,341,-1,49200,465,,,,,,,,,,1,,,,,,,,,
ЦїКИ_10/13,342,-1,-1,466,,,,,,,,,,1,,,,,,,,,
ЦїКИ_12/14,343,-1,-1,467,,,,,,,,,,1,,,,,,,,,
ЦїКИ_13/15,344,-1,-1,468,,,,,,,,,,1,,,,,,,,,
#
ФкИЎХфИЃНК_1,345,-1,49200,469,,,,,,,,,,1,,,,,,,,,
ФкИЎХфИЃНК_10/13,346,-1,-1,470,,,,,,,,,,1,,,,,,,,,
ФкИЎХфИЃНК_12/14,347,-1,-1,471,,,,,,,,,,1,,,,,,,,,
ФкИЎХфИЃНК_13/15,348,-1,-1,472,,,,,,,,,,1,,,,,,,,,
jal_s_ban,349,-1,-1,473,474,,,,,,,,,10,1,,,,,,,,
sai_n_thi,350,-1,-1,485,486,,,,,,,,,10,1,,,,,,,,
dan_1_11_thi_45/47&p1,351,-1,-1,496,487,,,,,,,,,1,1,,,,,,,,
dan_1_11_thi_45/47&p2,352,-1,-1,496,490,,,,,,,,,1,1,,,,,,,,
dan_1_11_thi_45/47&p3,353,-1,-1,496,493,,,,,,,,,1,1,,,,,,,,
dan_1_11_thi_46/48&p1,354,-1,-1,497,488,,,,,,,,,1,1,,,,,,,,
dan_1_11_thi_46/48&p2,355,-1,-1,497,491,,,,,,,,,1,1,,,,,,,,
dan_1_11_thi_46/48&p3,356,-1,-1,497,494,,,,,,,,,1,1,,,,,,,,
dan_1_11_thi_47/49&p1,357,-1,-1,498,489,,,,,,,,,1,1,,,,,,,,
dan_1_11_thi_47/49&p2,358,-1,-1,498,492,,,,,,,,,1,1,,,,,,,,
dan_1_11_thi_47/49&p3,359,-1,-1,498,495,,,,,,,,,1,1,,,,,,,,
# МвЕПБМ
БјКЯРЬ_1,360,-1,49200,499,,,,,,,,,,1,,,,,,,,,
БјКЯРЬ_10/13,361,-1,-1,500,,,,,,,,,,1,,,,,,,,,
БјКЯРЬ_12/14,362,-1,-1,501,,,,,,,,,,1,,,,,,,,,
ЕЙКЯРЬ_1,363,-1,49200,502,,,,,,,,,,1,,,,,,,,,
ЕЙКЯРЬ_11/13,364,-1,-1,503,,,,,,,,,,1,,,,,,,,,
ЕЙКЯРЬ_13/15,365,-1,-1,504,,,,,,,,,,1,,,,,,,,,
БјКЯРЬ_10/13&ЕЙКЯРЬ_11/13,366,-1,-1,500,503,,,,,,,,,1,1,,,,,,,,
БјКЯРЬ_12/14&ЕЙКЯРЬ_13/15,367,-1,-1,501,504,,,,,,,,,1,1,,,,,,,,
# ЕПФэИЕ БЄЛъ
ФЋХИИЃФЋНК_1,368,-1,49200,505,,,,,,,,,,1,,,,,,,,,
ФЋХИИЃФЋНК_10/11,369,-1,-1,506,,,,,,,,,,1,,,,,,,,,
ФЋХИИЃФЋНК_12/13,370,-1,-1,507,,,,,,,,,,1,,,,,,,,,
ФЋХИИЃФЋНК_14/15,371,-1,-1,508,,,,,,,,,,1,,,,,,,,,
ФэФЋНК_1,372,-1,49200,509,,,,,,,,,,1,,,,,,,,,
ФэФЋНК_10/11,373,-1,-1,510,,,,,,,,,,1,,,,,,,,,
ФэФЋНК_12/13,374,-1,-1,511,,,,,,,,,,1,,,,,,,,,
ФэФЋНК_14/15,375,-1,-1,512,,,,,,,,,,1,,,,,,,,,
#
dan_1_06_81&82_10/11,376,-1,-1,506,510,,,,,,,,,1,1,,,,,,,,
dan_1_06_81&82_12/13,377,-1,-1,507,511,,,,,,,,,1,1,,,,,,,,
dan_1_06_81&82_14/15,378,-1,-1,508,512,,,,,,,,,1,1,,,,,,,,
#
ЖѕКЃИЃНК_1,379,-1,49200,523,,,,,,,,,,1,,,,,,,,,
ЖѕКЃИЃНК_25/28,380,-1,-1,524,,,,,,,,,,1,,,,,,,,,
ЖѕКЃИЃНК_27/30,381,-1,-1,525,,,,,,,,,,1,,,,,,,,,
#
ФкЗЮФЋНК_1,382,-1,49200,520,,,,,,,,,,1,,,,,,,,,
ФкЗЮФЋНК_25/28,383,-1,-1,521,,,,,,,,,,1,,,,,,,,,
ФкЗЮФЋНК_27/30,384,-1,-1,522,,,,,,,,,,1,,,,,,,,,
#
КЃЗЮЦїИЎ_1,385,-1,49200,530,,,,,,,,,,1,,,,,,,,,
КЃЗЮЦїИЎ_30/31,386,-1,-1,531,,,,,,,,,,1,,,,,,,,,
КЃЗЮЦїИЎ_32/33,387,-1,-1,532,,,,,,,,,,,,,,,,,,,
КЃЗЮЦїИЎ_34/35,388,-1,-1,533,,,,,,,,,,1,,,,,,,,,
#
ХфЗЮР№_1,389,-1,49200,534,,,,,,,,,,1,,,,,,,,,
ХфЗЮР№_30/31,390,-1,-1,535,,,,,,,,,,1,,,,,,,,,
ХфЗЮР№_32/33,391,-1,-1,536,,,,,,,,,,1,,,,,,,,,
ХфЗЮР№_34/35,392,-1,-1,537,,,,,,,,,,1,,,,,,,,,
#
fooba,393,2447,-1,538,,,,,,,,,,1,,,,,,,,,
katrenu,394,2456,-1,539,,,,,,,,,,1,,,,,,,,,
dan_2_08_331_25/26,395,-1,-1,540,,,,,,,,,,1,,,,,,,,,
dan_2_08_331_27/28,396,-1,-1,541,,,,,,,,,,1,,,,,,,,,
dan_2_08_332_26/27,397,-1,-1,542,,,,,,,,,,1,,,,,,,,,
dan_2_08_332_28/29,398,-1,-1,543,,,,,,,,,,1,,,,,,,,,
dan_2_08_333_27/28,399,-1,-1,544,,,,,,,,,,1,,,,,,,,,
dan_2_08_333_29/30,400,-1,-1,545,,,,,,,,,,1,,,,,,,,,
#
КЮИЃКИ_1,401,-1,49200,546,,,,,,,,,,1,,,,,,,,,
КЮИЃКИ_30/31,402,-1,-1,547,,,,,,,,,,1,,,,,,,,,
#
dan_2_08_all,403,-1,-1,540,541,542,543,544,545,,,,,10,10,10,10,10,10,,,,
МВЫйжЎСњ,404,2505,-1,562,545,,,,,,,,,1,1,,,,,,,,
ИеЦјжЎСњ,405,2505,-1,560,543,,,,,,,,,1,1,,,,,,,,
ИеИёжЎСњ,406,2505,-1,559,541,,,,,,,,,1,1,,,,,,,,
ФО,407,-1,-1,563,,,,,,,,,,1,,,,,,,,,
вЛМЖПѓЪЏ,408,2475,-1,581,584,,,,,,,,,10,1,,,,,,,,
ЬиМЖПѓЪЏ,409,2476,-1,582,584,,,,,,,,,10,1,,,,,,,,
ГЌЬиМЖПѓЪЏ,410,2477,-1,583,584,,,,,,,,,10,1,,,,,,,,
вЛМЖПѓЪЏаЁЭЕ,411,2469,-1,584,,,,,,,,,,1,,,,,,,,,
ЬиМЖПѓЪЏаЁЭЕ,412,2470,-1,584,,,,,,,,,,1,,,,,,,,,
ГЌЬиМЖПѓЪЏаЁЭЕ,413,2471,-1,584,,,,,,,,,,1,,,,,,,,,
ФО,414,2478,-1,563,,,,,,,,,,1,,,,,,,,,
#
КЃЗЮКИХЉ_1,415,-1,49200,726,,,,,,,,,,1,,,,,,,,,
КЃЗЮКИХЉ_13/15,416,-1,-1,727,,,,,,,,,,1,,,,,,,,,
КЃЗЮКИХЉ_15/17,417,-1,-1,728,,,,,,,,,,1,,,,,,,,,
КЃЗЮКИХЉ_17/19,418,-1,-1,729,,,,,,,,,,1,,,,,,,,,
#
dan_2_05_62_10/12,419,-1,-1,723,,,,,,,,,,1,,,,,,,,,
dan_2_05_62_12/14,420,-1,-1,724,,,,,,,,,,1,,,,,,,,,
dan_2_05_62_14/16,421,-1,-1,725,,,,,,,,,,1,,,,,,,,,
УзН№ЖїЫЙЛљ,422,2464,-1,731,1073,,,,,,,,,1,1,,,,,,,,
dan_2_06_ban,423,-1,-1,732,733,734,735,736,737,738,,,,1,1,1,1,1,1,1,,,
SBC_1/12/13,424,-1,-1,945,946,964,,,,,,,,2,1,1,,,,,,,
SBC_14/15/16,425,-1,-1,947,948,965,,,,,,,,2,1,1,,,,,,,
SBC_17/18,426,-1,-1,949,950,966,,,,,,,,2,1,1,,,,,,,
JBA_1/2/3/4/5,427,-1,-1,951,952,967,,,,,,,,2,1,1,,,,,,,
JBA_6/7/8,428,-1,-1,953,954,968,,,,,,,,2,1,1,,,,,,,
JBA_9/10,429,-1,-1,955,956,969,,,,,,,,2,1,1,,,,,,,
ЧПЖїШ§ШЫзщ,430,-1,-1,958,959,960,,,,,,,,1,1,1,,,,,,,
dan_1_11_thi_45/48,431,-1,-1,497,498,496,,,,,,,,1,1,1,,,,,,,
#
АэИЃЕЗ_1,432,-1,49200,976,,,,,,,,,,1,,,,,,,,,
АэИЃЕЗ_40/42,433,-1,-1,977,,,,,,,,,,1,,,,,,,,,
АэИЃЕЗ_41/43,434,-1,-1,978,,,,,,,,,,1,,,,,,,,,
#
АэИЃАэИЃ_1,435,-1,49200,973,,,,,,,,,,1,,,,,,,,,
АэИЃАэИЃ_40/42,436,-1,-1,974,,,,,,,,,,1,,,,,,,,,
АэИЃАэИЃ_41/43,437,-1,-1,975,,,,,,,,,,1,,,,,,,,,
#
ЙнКИЗЮ_1,438,-1,49200,979,,,,,,,,,,1,,,,,,,,,
ЙнКИЗЮ_43/45,439,-1,-1,980,,,,,,,,,,1,,,,,,,,,
КЮИЃЕЗ_1,440,-1,49200,981,,,,,,,,,,1,,,,,,,,,
КЮИЃЕЗ_43/45,441,-1,-1,982,,,,,,,,,,1,,,,,,,,,
ЙнКИЗЮ&КЮИЃЕЗ_43/45,442,-1,-1,980,982,,,,,,,,,1,1,,,,,,,,
#
ОсБтЗЮ_1,443,-1,49200,983,,,,,,,,,,1,,,,,,,,,
ОсБтЗЮ_45/47,444,-1,-1,984,,,,,,,,,,1,,,,,,,,,
ЙнБтГы_1,445,-1,49200,985,,,,,,,,,,1,,,,,,,,,
ЙнБтГы_44_46,446,-1,-1,986,,,,,,,,,,1,,,,,,,,,
ОсБтЗЮ_45/47&ЙнБтГы_44_46,447,-1,-1,984,986,,,,,,,,,1,1,,,,,,,,
#
ИЖИ№ГЊНК_1,448,-1,49200,987,,,,,,,,,,1,,,,,,,,,
ИЖИ№ГЊНК_48/50,449,-1,-1,988,,,,,,,,,,1,,,,,,,,,
ИИИ№ЗЮНК_1,450,-1,49200,989,,,,,,,,,,1,,,,,,,,,
ИИИ№ЗЮНК_48/50,451,-1,-1,990,,,,,,,,,,1,,,,,,,,,
ИЖИ№ГЊНК&ИИИ№ЗЮНК_48/50,452,-1,-1,988,990,,,,,,,,,1,1,,,,,,,,
#
БтЖѓЕЗ_1,454,-1,49200,991,,,,,,,,,,1,,,,,,,,,
БтЖѓЕЗ_40/42,455,-1,-1,992,,,,,,,,,,1,,,,,,,,,
БтЖѓЕЗ_43/45,456,-1,-1,993,,,,,,,,,,1,,,,,,,,,
АэИЃАэ_1,457,-1,49200,994,,,,,,,,,,1,,,,,,,,,
АэИЃАэ_40/42,458,-1,-1,995,,,,,,,,,,1,,,,,,,,,
АэИЃАэ_43/45,459,-1,-1,996,,,,,,,,,,1,,,,,,,,,
БтЖѓЕЗ&АэИЃАэ_40/42,460,-1,-1,992,995,,,,,,,,,1,1,,,,,,,,
БтЖѓЕЗ&АэИЃАэ_43/45,461,-1,-1,993,996,,,,,,,,,1,1,,,,,,,,
#
ЖѓАэАэ_1,462,-1,49200,997,,,,,,,,,,1,,,,,,,,,
ЖѓАэАэ_41/43,463,-1,-1,998,,,,,,,,,,1,,,,,,,,,
ХфЗчЗч_1,464,-1,49200,999,,,,,,,,,,1,,,,,,,,,
ХфЗчЗч_41/43,465,-1,-1,1000,,,,,,,,,,1,,,,,,,,,
ЖѓАэАэ&ХфЗчЗч_41/43,466,-1,-1,998,1000,,,,,,,,,1,1,,,,,,,,
#
dan_3_13&15_221_35/36,467,-1,-1,1005,,,,,,,,,,1,,,,,,,,,
dan_3_13&15_222_35/38,468,-1,-1,1006,,,,,,,,,,1,,,,,,,,,
dan_3_13&15_223_35/38,469,-1,-1,1007,,,,,,,,,,1,,,,,,,,,
dan_3_13&15_224_35/38,470,-1,-1,1008,,,,,,,,,,1,,,,,,,,,
dan_3_13&15_22all_35/36,471,-1,-1,1005,1006,1007,1008,,,,,,,1,1,1,1,,,,,,
#
ЙЋРЬ_1,472,-1,49200,1009,,,,,,,,,,1,,,,,,,,,
ЙЋРЬ_38/40,473,-1,-1,1010,,,,,,,,,,1,,,,,,,,,
#
dan_3_17_11_50/52,478,-1,-1,1016,,,,,,,,,,1,,,,,,,,,
dan_3_17_11_52/54,479,-1,-1,1017,,,,,,,,,,1,,,,,,,,,
dan_3_17_11_54/56,480,-1,-1,1018,,,,,,,,,,1,,,,,,,,,
dan_3_17_13_51/53,481,-1,-1,1019,,,,,,,,,,1,,,,,,,,,
dan_3_17_13_53/55,482,-1,-1,1020,,,,,,,,,,1,,,,,,,,,
dan_3_17_13_55/57,483,-1,-1,1021,,,,,,,,,,1,,,,,,,,,
dan_3_17_14_52/54,484,-1,-1,1022,,,,,,,,,,1,,,,,,,,,
dan_3_17_14_54/56,485,-1,-1,1023,,,,,,,,,,1,,,,,,,,,
dan_3_17_14_56/58,486,-1,-1,1024,,,,,,,,,,1,,,,,,,,,
dan_3_17_50/54,487,-1,-1,1016,1019,1022,,,,,,,,1,1,1,,,,,,,
dan_3_17_52/56,488,-1,-1,1017,1020,1023,,,,,,,,1,1,1,,,,,,,
dan_3_17_54/58,489,-1,-1,1018,1021,1024,,,,,,,,1,1,1,,,,,,,
dan_3_16_62_45/47,490,-1,-1,1025,,,,,,,,,,1,,,,,,,,,
dan_3_16_62_47/50,491,-1,-1,1026,,,,,,,,,,1,,,,,,,,,
dan_3_16_63_45/48,492,-1,-1,1027,,,,,,,,,,1,,,,,,,,,
dan_3_16_63_47/50,493,-1,-1,1028,,,,,,,,,,1,,,,,,,,,
dan_3_16_64_45/48,494,-1,-1,1029,,,,,,,,,,1,,,,,,,,,
dan_3_16_64_47/50,495,-1,-1,1030,,,,,,,,,,1,,,,,,,,,
dan_3_16_6234_45/47,496,-1,-1,1025,1027,1029,,,,,,,,1,1,1,,,,,,,
dan_3_16_6234_47/50,497,-1,-1,1026,1028,1030,,,,,,,,1,1,1,,,,,,,
#
КёЦЎЗЮНК_1,498,-1,49200,1035,,,,,,,,,,1,,,,,,,,,
КёЦЎЗЮНК_60/63,499,-1,-1,1036,,,,,,,,,,1,,,,,,,,,
ПРАЁЗЮНК_1,500,-1,49200,1037,,,,,,,,,,1,,,,,,,,,
ПРАЁЗЮНК_60/63,501,-1,-1,1038,,,,,,,,,,1,,,,,,,,,
#
dan_3_18_181_50/53,502,-1,-1,1039,,,,,,,,,,1,,,,,,,,,
dan_3_18_181_53/55,503,-1,-1,1040,,,,,,,,,,1,,,,,,,,,
dan_3_18_184_50/53,504,-1,-1,1041,,,,,,,,,,1,,,,,,,,,
dan_3_18_184_53/55,505,-1,-1,1042,,,,,,,,,,1,,,,,,,,,
dan_3_18_181&184_50/53,506,-1,-1,1039,1041,,,,,,,,,1,1,,,,,,,,
dan_3_18_181&184_53/55,507,-1,-1,1040,1042,,,,,,,,,1,1,,,,,,,,
АЂЫЙТъТГд­ЪЏ,508,2536,-1,1040,1042,1043,,,,,,,,1,1,1,,,,,,,
# УЄМЎРх
ИИИ№_1,510,-1,49200,1052,,,,,,,,,,1,,,,,,,,,
ИИИ№_55/57,511,-1,-1,1053,,,,,,,,,,1,,,,,,,,,
ИИИ№_57/59,512,-1,-1,1054,,,,,,,,,,1,,,,,,,,,
ИИИ№_59/61,513,-1,-1,1055,,,,,,,,,,1,,,,,,,,,
#
ИИИ№ИЃ_1,514,-1,49200,1056,,,,,,,,,,1,,,,,,,,,
ИИИ№ИЃ_55/57,515,-1,-1,1057,,,,,,,,,,1,,,,,,,,,
ИИИ№ИЃ_57/59,516,-1,-1,1058,,,,,,,,,,1,,,,,,,,,
ИИИ№ИЃ_59/61,517,-1,-1,1059,,,,,,,,,,1,,,,,,,,,
#
ИИИ№&ИИИ№ИЃ_55/57,518,-1,-1,1053,1057,,,,,,,,,1,1,,,,,,,,
ИИИ№&ИИИ№ИЃ_57/59,519,-1,-1,1054,1058,,,,,,,,,1,1,,,,,,,,
ИИИ№&ИИИ№ИЃ_59/61,520,-1,-1,1055,1059,,,,,,,,,1,1,,,,,,,,
# И№ГЊНУЧСФљ
СЄЗЩРЧ ЛчРк1,521,2532,-1,1055,1059,1060,,,,,,,,1,1,1,,,,,,,
СЄЗЩРЧ ЛчРк2,522,2547,-1,1055,1059,1060,,,,,,,,1,1,1,,,,,,,
#
400_291_36/38,523,-1,-1,1061,,,,,,,,,,1,,,,,,,,,
400_292_36/38,524,-1,-1,1062,,,,,,,,,,1,,,,,,,,,
400_293_36/38,525,-1,-1,1063,,,,,,,,,,1,,,,,,,,,
400_294_36/38,526,-1,-1,1064,,,,,,,,,,1,,,,,,,,,
400_29all_36/38,527,-1,-1,1061,1062,1063,1064,,,,,,,1,1,1,1,,,,,,
#
ЧСЖѓХАХфНК_1,528,-1,49200,1065,,,,,,,,,,1,,,,,,,,,
ЧСЖѓХАХфНК_40/45,529,-1,-1,1066,,,,,,,,,,1,,,,,,,,,
#
dan_3_02_172_46/48,530,-1,-1,1067,,,,,,,,,,1,,,,,,,,,
dan_3_02_174_46/48,531,-1,-1,1068,,,,,,,,,,1,,,,,,,,,
dan_3_02_172&174_46/48,532,-1,-1,1067,1068,,,,,,,,,1,1,,,,,,,,
dan_3_01_41_44/46,533,-1,-1,1069,,,,,,,,,,1,,,,,,,,,
dan_3_01_42_44/46,534,-1,-1,1070,,,,,,,,,,1,,,,,,,,,
dan_3_01_43_44/46,535,-1,-1,1071,,,,,,,,,,1,,,,,,,,,
dan_3_01_44_44/46,536,-1,-1,1072,,,,,,,,,,1,,,,,,,,,
dan_3_01_4all_44/46,537,-1,-1,1069,1070,1071,1072,,,,,,,1,1,1,1,,,,,,
ТќФЃИЭ,539,2481,-1,1074,,,,,,,,,,1,,,,,,,,,
ЬиЩГН№ИЭ,540,2481,-1,1075,,,,,,,,,,1,,,,,,,,,
ПЈПтЖћИЭ,541,2481,-1,1076,,,,,,,,,,1,,,,,,,,,
ВФСЯПЫПЫТхЫЙ,542,2596,-1,1077,1084,1085,,,,,,,,3,1,1,,,,,,,
dan_2_09_291_23/30,543,-1,-1,1084,,,,,,,,,,1,,,,,,,,,
dan_2_09_294_23/30,544,-1,-1,1085,,,,,,,,,,1,,,,,,,,,
dan_2_09_291&294_23/30,545,-1,-1,1084,1085,,,,,,,,,1,1,,,,,,,,
ВФСЯЬиРяХЕВМЫЙ,546,2595,-1,1078,1082,1083,,,,,,,,3,1,1,,,,,,,
dan_2_09_212_15/22,547,-1,-1,1082,,,,,,,,,,1,,,,,,,,,
dan_2_09_213_15/22,548,-1,-1,1083,,,,,,,,,,1,,,,,,,,,
dan_2_09_212&213_15/22,549,-1,-1,1082,1083,,,,,,,,,1,1,,,,,,,,
ВФСЯЙъжЎЖм,550,2594,-1,1079,1080,1081,,,,,,,,3,1,1,,,,,,,
dan_2_09_52_10/19,551,-1,-1,1080,,,,,,,,,,1,,,,,,,,,
dan_2_09_53_10/19,552,-1,-1,1081,,,,,,,,,,1,,,,,,,,,
dan_2_09_52&53_10/19,553,-1,-1,1080,1081,,,,,,,,,1,1,,,,,,,,
dan_4_01_111_40/42,554,-1,-1,1089,,,,,,,,,,1,,,,,,,,,
dan_4_01_63_40/42,555,-1,-1,1090,,,,,,,,,,1,,,,,,,,,
dan_4_01_74_40/42,556,-1,-1,1091,,,,,,,,,,1,,,,,,,,,
#
КИХЉАя_1,557,-1,49200,1092,,,,,,,,,,1,,,,,,,,,
КИХЉАя_40/42,558,-1,-1,1093,,,,,,,,,,1,,,,,,,,,
#
dan_4_01_114_40/42,559,-1,-1,1094,,,,,,,,,,1,,,,,,,,,
dan_4_01_72_40/42,561,-1,-1,1088,,,,,,,,,,1,,,,,,,,,
УАЯееп,563,-1,-1,1098,1099,1100,1101,,,,,,,10,10,10,10,,,,,,
ТУШЫ,564,-1,-1,1102,1103,1104,1105,,,,,,,10,10,10,10,,,,,,
Уд_172_30/40,565,-1,-1,1107,,,,,,,,,,1,,,,,,,,,
Уд_175_30/40,566,-1,-1,1108,,,,,,,,,,1,,,,,,,,,
Уд_172&175_30/40,567,-1,-1,1107,1108,,,,,,,,,1,1,,,,,,,,
Уд_УдТЗЕФаЁКЂзг,568,-1,-1,1109,1110,,,,,,,,,1,1,,,,,,,,
Уд_ЕСдє,569,-1,-1,1111,1112,1113,,,,,,,,1,1,1,,,,,,,
Уд_ЩНдє,570,-1,-1,1114,1115,1116,,,,,,,,1,1,1,,,,,,,
dan_2_10_52_53/54,571,-1,-1,1118,,,,,,,,,,1,,,,,,,,,
dan_2_10_101_53/54,572,-1,-1,1119,,,,,,,,,,1,,,,,,,,,
dan_2_10_52_54/55,573,-1,-1,1120,,,,,,,,,,1,,,,,,,,,
dan_2_10_101_54/55,574,-1,-1,1121,,,,,,,,,,1,,,,,,,,,
dan_2_10_52_55/56,575,-1,-1,1122,,,,,,,,,,1,,,,,,,,,
dan_2_10_101_55/56,576,-1,-1,1123,,,,,,,,,,1,,,,,,,,,
dan_2_10_52&101_55/56,577,-1,-1,1122,1123,,,,,,,,,1,1,,,,,,,,
dan_2_10_63_56/57,578,-1,-1,1124,,,,,,,,,,1,,,,,,,,,
dan_2_10_213_56/57,579,-1,-1,1125,,,,,,,,,,1,,,,,,,,,
dan_2_10_63_57/58,580,-1,-1,1126,,,,,,,,,,1,,,,,,,,,
dan_2_10_213_57/58,581,-1,-1,1127,,,,,,,,,,1,,,,,,,,,
dan_2_10_63_58/59,582,-1,-1,1128,,,,,,,,,,1,,,,,,,,,
dan_2_10_213_58/59,583,-1,-1,1129,,,,,,,,,,1,,,,,,,,,
dan_2_10_63&213_58/59,584,-1,-1,1128,1129,,,,,,,,,1,1,,,,,,,,
dan_2_10_42_59/60,585,-1,-1,1130,,,,,,,,,,1,,,,,,,,,
dan_2_10_184_59/60,586,-1,-1,1131,,,,,,,,,,1,,,,,,,,,
dan_2_10_42_60/61,587,-1,-1,1132,,,,,,,,,,1,,,,,,,,,
dan_2_10_184_60/61,588,-1,-1,1133,,,,,,,,,,1,,,,,,,,,
dan_2_10_42_61/62,589,-1,-1,1134,,,,,,,,,,1,,,,,,,,,
dan_2_10_184_61/62,590,-1,-1,1135,,,,,,,,,,1,,,,,,,,,
dan_2_10_42&184_61/62,591,-1,-1,1134,1135,,,,,,,,,1,1,,,,,,,,
#
ЗЮБтОШ_1,592,-1,49200,1136,,,,,,,,,,1,,,,,,,,,
ЗЮБтОШ_60/65,593,-1,-1,1137,,,,,,,,,,1,,,,,,,,,
#
ИЎКёГы_1,594,-1,49200,1138,,,,,,,,,,1,,,,,,,,,
ИЎКёГы_60/65,595,-1,-1,1139,,,,,,,,,,1,,,,,,,,,
#
ИжЫјЃІН№Ыј,603,-1,13023,253,254,440,441,,,,,,,1,1,1,1,,,,,,
ЬгзпТГФсЬћЫЙ,605,-1,2698,1120,1121,1146,,,,,,,,1,1,1,,,,,,,
Уд_175_1&30/40,606,-1,-1,1108,1169,,,,,,,,,1,1,,,,,,,,
ЫЏЖћЖйЧАЗН,607,-1,2703,1170,,,,,,,,,,1,,,,,,,,,
ЫЏЖћЖйКѓУц,608,-1,-1,1170,1171,1172,1173,1174,,,,,,3,4,2,2,1,,,,,
dan_3_05_54_55/57,609,-1,-1,1175,,,,,,,,,,1,,,,,,,,,
dan_3_05_54_56/58,610,-1,-1,1176,,,,,,,,,,1,,,,,,,,,
dan_3_05_222_55/57,611,-1,-1,1177,,,,,,,,,,1,,,,,,,,,
dan_3_05_222_56/58,612,-1,-1,1178,,,,,,,,,,1,,,,,,,,,
dan_3_05_323_55/57,613,-1,-1,1179,,,,,,,,,,1,,,,,,,,,
dan_3_05_323_56/58,614,-1,-1,1180,,,,,,,,,,1,,,,,,,,,
dan_3_05_all_55/57,615,-1,-1,1175,1177,1179,,,,,,,,2,2,1,,,,,,,
dan_3_05_all_56/58,616,-1,-1,1176,1178,1180,,,,,,,,2,2,1,,,,,,,
dan_3_04_72_51/52,617,-1,-1,1181,,,,,,,,,,1,,,,,,,,,
dan_3_04_72_53/54,618,-1,-1,1182,,,,,,,,,,1,,,,,,,,,
dan_3_04_72_55/56,619,-1,-1,1183,,,,,,,,,,1,,,,,,,,,
dan_3_04_74_51/52,620,-1,-1,1184,,,,,,,,,,1,,,,,,,,,
dan_3_04_74_53/54,621,-1,-1,1185,,,,,,,,,,1,,,,,,,,,
dan_3_04_74_55/56,622,-1,-1,1186,,,,,,,,,,1,,,,,,,,,
dan_3_04_72&74_51/52,623,-1,-1,1181,1184,,,,,,,,,1,1,,,,,,,,
dan_3_04_72&74_53/54,624,-1,-1,1182,1185,,,,,,,,,1,1,,,,,,,,
dan_3_04_72&74_55/56,625,-1,-1,1183,1186,,,,,,,,,1,1,,,,,,,,
gil_n_91_51/53,626,-1,-1,1187,,,,,,,,,,1,,,,,,,,,
#
ХѕИЃЕЗ_1,627,-1,49200,1188,,,,,,,,,,1,,,,,,,,,
ХѕИЃЕЗ_52/54,628,-1,-1,1189,,,,,,,,,,1,,,,,,,,,
dan_3_0_53_56/57,629,-1,-1,1190,,,,,,,,,,1,,,,,,,,,
dan_3_0_111_56/57,630,-1,-1,1191,,,,,,,,,,1,,,,,,,,,
dan_3_0_334_56/57,631,-1,-1,1194,,,,,,,,,,1,,,,,,,,,
dan_3_0_53_57/58,632,-1,-1,1195,,,,,,,,,,1,,,,,,,,,
dan_3_0_111_57/58,633,-1,-1,1196,,,,,,,,,,1,,,,,,,,,
dan_3_0_334_57/58,634,-1,-1,1197,,,,,,,,,,1,,,,,,,,,
dan_3_0_53_58/59,635,-1,-1,1198,,,,,,,,,,1,,,,,,,,,
dan_3_0_111_58/59,636,-1,-1,1199,,,,,,,,,,1,,,,,,,,,
dan_3_0_334_58/59,637,-1,-1,1200,,,,,,,,,,1,,,,,,,,,
dan_3_0_53&111&334_58/59,638,-1,-1,1198,1199,1200,,,,,,,,1,1,1,,,,,,,
dan_3_0_21_59/60,639,-1,-1,1201,,,,,,,,,,1,,,,,,,,,
dan_3_0_44_59/60,640,-1,-1,1202,,,,,,,,,,1,,,,,,,,,
dan_3_0_61_59/60,641,-1,-1,1204,,,,,,,,,,1,,,,,,,,,
dan_3_0_21_60/61,642,-1,-1,1205,,,,,,,,,,1,,,,,,,,,
dan_3_0_44_60/61,643,-1,-1,1206,,,,,,,,,,1,,,,,,,,,
dan_3_0_61_60/61,644,-1,-1,1207,,,,,,,,,,1,,,,,,,,,
dan_3_0_21_61/62,645,-1,-1,1208,,,,,,,,,,1,,,,,,,,,
dan_3_0_44_61/62,646,-1,-1,1209,,,,,,,,,,1,,,,,,,,,
dan_3_0_61_61/62,647,-1,-1,1210,,,,,,,,,,1,,,,,,,,,
dan_3_0_21&44&61_61/62,648,-1,-1,1208,1209,1210,,,,,,,,1,1,1,,,,,,,
#
ОЦАэОЦ_1,649,-1,49200,1203,,,,,,,,,,1,,,,,,,,,
ОЦАэОЦ_59/60,650,-1,-1,1204,,,,,,,,,,1,,,,,,,,,
#
dan_3_0_174_62/63,651,-1,-1,1212,,,,,,,,,,1,,,,,,,,,
dan_3_0_193_62/63,652,-1,-1,1213,,,,,,,,,,1,,,,,,,,,
dan_3_0_71_63/64,654,-1,-1,1214,,,,,,,,,,1,,,,,,,,,
dan_3_0_174_63/64,655,-1,-1,1215,,,,,,,,,,1,,,,,,,,,
dan_3_0_193_63/64,656,-1,-1,1216,,,,,,,,,,1,,,,,,,,,
dan_3_0_71&174&193_63/64,657,-1,-1,1214,1215,1216,,,,,,,,1,1,1,,,,,,,
dan_2_03_21_51/55,658,-1,-1,1217,,,,,,,,,,1,,,,,,,,,
dan_2_03_22_51/55,659,-1,-1,1218,,,,,,,,,,1,,,,,,,,,
dan_2_03_23_51/55,660,-1,-1,1219,,,,,,,,,,1,,,,,,,,,
dan_2_03_24_51/55,661,-1,-1,1220,,,,,,,,,,1,,,,,,,,,
dan_2_03_21_53/57,663,-1,-1,1221,,,,,,,,,,1,,,,,,,,,
dan_2_03_22_53/57,664,-1,-1,1222,,,,,,,,,,1,,,,,,,,,
dan_2_03_23_53/57,665,-1,-1,1223,,,,,,,,,,1,,,,,,,,,
dan_2_03_24_53/57,666,-1,-1,1224,,,,,,,,,,1,,,,,,,,,
dan_2_03_21_55/59,667,-1,-1,1225,,,,,,,,,,1,,,,,,,,,
dan_2_03_22_55/59,668,-1,-1,1226,,,,,,,,,,1,,,,,,,,,
#
ВПКёПР_1,670,-1,49200,1228,,,,,,,,,,1,,,,,,,,,
ВПКёПР_60/65,671,-1,-1,1229,,,,,,,,,,1,,,,,,,,,
ВПВПКё_1,672,-1,49200,1230,,,,,,,,,,1,,,,,,,,,
ВПВПКё_60/65,673,-1,-1,1231,,,,,,,,,,1,,,,,,,,,
#
dan_2_03_all_51/55,673,-1,-1,1217,1218,1219,1220,,,,,,,1,1,1,1,,,,,,
dan_2_03_all_53/57,674,-1,-1,1221,1222,1223,1224,,,,,,,1,1,1,1,,,,,,
dan_2_03_all_55/59,675,-1,-1,1225,1226,1227,,,,,,,,1,1,1,,,,,,,
dan_1_12_31_54/55,676,-1,-1,1248,,,,,,,,,,1,,,,,,,,,
dan_1_12_31_55/56,677,-1,-1,1249,,,,,,,,,,1,,,,,,,,,
dan_1_12_65_54/55,678,-1,-1,1250,,,,,,,,,,1,,,,,,,,,
dan_1_12_65_55/56,679,-1,-1,1251,,,,,,,,,,1,,,,,,,,,
dan_1_12_31&65_54/55,680,-1,-1,1248,1250,,,,,,,,,1,1,,,,,,,,
dan_1_12_31&65_55/56,681,-1,-1,1249,1251,,,,,,,,,1,1,,,,,,,,
dan_1_12_24_55/56,682,-1,-1,1252,,,,,,,,,,1,,,,,,,,,
dan_1_12_24_56/57,683,-1,-1,1253,,,,,,,,,,1,,,,,,,,,
dan_1_12_24_57/58,684,-1,-1,1254,,,,,,,,,,1,,,,,,,,,
dan_1_12_51_55/56,685,-1,-1,1255,,,,,,,,,,1,,,,,,,,,
dan_1_12_51_56/57,686,-1,-1,1256,,,,,,,,,,1,,,,,,,,,
dan_1_12_51_57/58,687,-1,-1,1257,,,,,,,,,,1,,,,,,,,,
dan_1_12_24&51_56/57,688,-1,-1,1253,1256,,,,,,,,,1,1,,,,,,,,
dan_1_12_24&51_57/58,689,-1,-1,1254,1257,,,,,,,,,1,1,,,,,,,,
dan_1_12_23_57/60,690,-1,-1,1258,,,,,,,,,,1,,,,,,,,,
dan_1_12_23_59/62,691,-1,-1,1259,,,,,,,,,,1,,,,,,,,,
dan_1_12_23_61/63,692,-1,-1,1260,,,,,,,,,,1,,,,,,,,,
dan_1_12_114_57/60,693,-1,-1,1261,,,,,,,,,,1,,,,,,,,,
dan_1_12_114_59/62,694,-1,-1,1262,,,,,,,,,,1,,,,,,,,,
dan_1_12_114_61/63,695,-1,-1,1263,,,,,,,,,,1,,,,,,,,,
dan_1_12_292_57/60,696,-1,-1,1264,,,,,,,,,,1,,,,,,,,,
dan_1_12_292_59/62,697,-1,-1,1265,,,,,,,,,,1,,,,,,,,,
dan_1_12_292_61/63,698,-1,-1,1266,,,,,,,,,,1,,,,,,,,,
dan_1_12_23&114&292_57/60,699,-1,-1,1258,1261,1264,,,,,,,,1,1,1,,,,,,,
dan_1_12_23&114&292_59/62,700,-1,-1,1259,1262,1265,,,,,,,,1,1,1,,,,,,,
dan_1_12_23&114&292_61/63,701,-1,-1,1260,1263,1266,,,,,,,,1,1,1,,,,,,,
dan_1_12_183_62/64,702,-1,-1,1267,,,,,,,,,,1,,,,,,,,,
dan_1_12_183_64/66,703,-1,-1,1268,,,,,,,,,,1,,,,,,,,,
dan_1_12_192_62/64,704,-1,-1,1269,,,,,,,,,,1,,,,,,,,,
dan_1_12_192_64/66,705,-1,-1,1270,,,,,,,,,,1,,,,,,,,,
dan_1_12_183&192_62/64,706,-1,-1,1267,1269,,,,,,,,,1,1,,,,,,,,
dan_1_12_183&192_64/66,707,-1,-1,1268,1270,,,,,,,,,1,1,,,,,,,,
#
# ФЋЗчХИГЊ ФћСю ЛяЧќСІРЧ С§, 710:ФЋЗчХИГЊ
#ФћСюЛяЧќСІ1,708,-1,-1,1287,1288,1289,1290,1291,1292,,,,,1,1,1,1,1,1,,,,
#ФћСюЛяЧќСІ2,709,-1,-1,1293,1294,1295,1296,1297,1298,,,,,1,1,1,1,1,1,,,,
ФћСюЛяЧќСІ,710,-1,-1,4010,4011,4012,,,,,,,,1,1,1,,,,,,,
#
4АГРЧ КИЙА1,711,2764,2760,1305,1309,1310,,,,,,,,1,1,1,,,,,,,
4АГРЧ КИЙА2,712,2764,2761,1306,1311,,,,,,,,,1,1,,,,,,,,
4АГРЧ КИЙА3,713,2764,2763,1307,1314,1315,1316,1317,,,,,,1,1,1,1,1,,,,,
4АГРЧ КИЙА4,714,2764,2762,1308,1312,1313,,,,,,,,1,1,1,,,,,,,
#
dan_3_03_81&334_80/82,715,-1,-1,1318,1319,,,,,,,,,1,1,,,,,,,,
dan_3_03_141&144_82/84,716,-1,-1,1320,1321,,,,,,,,,1,1,,,,,,,,
dan_3_03_91&94_83/85,717,-1,-1,1322,1323,,,,,,,,,1,1,,,,,,,,
ЩюРЖЩЋЪЏЭЗ,718,-1,-1,1322,1323,1324,,,,,,,,1,1,1,,,,,,,
dan_2_12_41&104&212_55/56,719,-1,-1,1325,1328,1331,,,,,,,,1,1,1,,,,,,,
dan_2_12_41&104&212_56/57,720,-1,-1,1326,1329,1332,,,,,,,,1,1,1,,,,,,,
dan_2_12_41&104&212_57/58,721,-1,-1,1327,1330,1333,,,,,,,,1,1,1,,,,,,,
dan_2_12_43&181&332_59/60,722,-1,-1,1334,1337,1340,,,,,,,,1,1,1,,,,,,,
dan_2_12_43&181&332_60/61,723,-1,-1,1335,1338,1341,,,,,,,,1,1,1,,,,,,,
dan_2_12_43&181&332_61/62,724,-1,-1,1336,1339,1342,,,,,,,,1,1,1,,,,,,,
dan_2_12_223&241&321_62/63,725,-1,-1,1343,1347,1350,,,,,,,,1,1,1,,,,,,,
dan_2_12_223&241&321_63/64,726,-1,-1,1344,1348,1351,,,,,,,,1,1,1,,,,,,,
dan_2_12_223&241&321_64/65,727,-1,-1,1345,1349,1352,,,,,,,,1,1,1,,,,,,,
#
ЗчРЬ_1,728,-1,49200,1346,,,,,,,,,,1,,,,,,,,,
ЗчРЬ_60/65,729,-1,-1,1347,,,,,,,,,,1,,,,,,,,,
#
ХзЖѓАя_1,730,-1,49200,1364,,,,,,,,,,1,,,,,,,,,
ХзЖѓАя_80/82,731,-1,-1,1365,,,,,,,,,,1,,,,,,,,,
ЦїРЬКёНК_1,732,-1,49200,1366,,,,,,,,,,1,,,,,,,,,
ЦїРЬКёНК_80/82,733,-1,-1,1367,,,,,,,,,,1,,,,,,,,,
ЕЕЖѓКёНК_1,734,-1,49200,1368,,,,,,,,,,1,,,,,,,,,
ЕЕЖѓКёНК_80/82,735,-1,-1,1369,,,,,,,,,,1,,,,,,,,,
#
ФЋИЃБтОШ_1,736,-1,49200,1382,,,,,,,,,,1,,,,,,,,,
ФЋИЃБтОШ_85/87,737,-1,-1,1383,,,,,,,,,,1,,,,,,,,,
ОЦРЬФЋНК_1,738,-1,49200,1384,,,,,,,,,,1,,,,,,,,,
ОЦРЬФЋНК_88/90,739,-1,-1,1385,,,,,,,,,,1,,,,,,,,,
ФэХИНК_1,740,-1,49200,1386,,,,,,,,,,1,,,,,,,,,
ФэХИНК_91/93,741,-1,-1,1387,,,,,,,,,,1,,,,,,,,,
#
ХИИЃГыЗЮНК_1,749,-1,49200,1395,,,,,,,,,,1,,,,,,,,,
ХИИЃГыЗЮНК_93/95,750,-1,-1,1396,,,,,,,,,,1,,,,,,,,,
#
ДйРЬГыНК_1,751,-1,49200,1397,,,,,,,,,,1,,,,,,,,,
ДйРЬГыНК_93/95,752,-1,-1,1398,,,,,,,,,,1,,,,,,,,,
#
dan_3_20_93_325_252_93/95,753,-1,-1,1394,1396,1398,,,,,,,,10,10,10,4,,,,,,
#
ФЅШцРЧ МіШЃСќНТ,754,-1,-1,1373,1374,1375,1376,,,,,,,1,1,1,1,,,,,,
#
ХзНКЦЎ,1329,-1,-1,2532,,,,,,,,,,40,,,,,,,,,
#
# ПјСжЙЮ МЖ
# ДйРЬГы, НКХйХфНК, ЧСИЎХфНК 
ДйРЬГы_1,1800,-1,49200,1800,,,,,,,,,,1,,,,,,,,,
ДйРЬГы_80/85,1801,-1,-1,1801,,,,,,,,,,1,,,,,,,,,
НКХйХфНК_1,1802,-1,49200,1802,,,,,,,,,,1,,,,,,,,,
НКХйХфНК_80/85,1803,-1,-1,1803,,,,,,,,,,1,,,,,,,,,
ЧСИЎХфНК_1,1804,-1,49200,1804,,,,,,,,,,1,,,,,,,,,
ЧСИЎХфНК_80/85,1805,-1,-1,1805,,,,,,,,,,1,,,,,,,,,
# БтАЁЗЮНК, АЁАЁЗЮНК
БтАЁЗЮНК_1,1806,-1,49200,1806,,,,,,,,,,1,,,,,,,,,
БтАЁЗЮНК_80/85,1807,-1,-1,1807,,,,,,,,,,1,,,,,,,,,
АЁАЁЗЮНК_1,1808,-1,49200,1808,,,,,,,,,,1,,,,,,,,,
АЁАЁЗЮНК_80/85,1809,-1,-1,1809,,,,,,,,,,1,,,,,,,,,
# ЧСРЬХф, И№ГЊНУЧС, ЖѓГЊЧС, ЖѓРЬШЅ
ЧСРЬХф_1,1810,-1,49200,1810,,,,,,,,,,1,,,,,,,,,
ЧСРЬХф_80/85,1811,-1,-1,1811,,,,,,,,,,1,,,,,,,,,
И№ГЊНУЧС_1,1812,-1,49200,1812,,,,,,,,,,1,,,,,,,,,
И№ГЊНУЧС_80/85,1813,-1,-1,1813,,,,,,,,,,1,,,,,,,,,
ЖѓГЊЧС_1,1814,-1,49200,1814,,,,,,,,,,1,,,,,,,,,
ЖѓГЊЧС_80/85,1815,-1,-1,1815,,,,,,,,,,1,,,,,,,,,
ЖѓРЬШЅ_1,1816,-1,49200,1816,,,,,,,,,,1,,,,,,,,,
ЖѓРЬШЅ_80/85,1817,-1,-1,1817,,,,,,,,,,1,,,,,,,,,
# НКХфЖѓСі, ОЦХфЖѓСі, ОЦИЎГыНК, ДйРЬГыЗЮНК 
НКХфЖѓСі_1,1818,-1,49200,1818,,,,,,,,,,1,,,,,,,,,
НКХфЖѓСі_80/85,1819,-1,-1,1819,,,,,,,,,,1,,,,,,,,,
ОЦХфЖѓСі_1,1820,-1,49200,1820,,,,,,,,,,1,,,,,,,,,
ОЦХфЖѓСі_80/85,1821,-1,-1,1821,,,,,,,,,,1,,,,,,,,,
ОЦИЎГыНК_1,1822,-1,49200,1822,,,,,,,,,,1,,,,,,,,,
ОЦИЎГыНК_80/85,1823,-1,-1,1823,,,,,,,,,,1,,,,,,,,,
ДйРЬГыЗЮНК_1,1824,-1,49200,1824,,,,,,,,,,1,,,,,,,,,
ДйРЬГыЗЮНК_80/85,1825,-1,-1,1825,,,,,,,,,,1,,,,,,,,,
# ГыНКХфЗЮНК
ГыНКХфЗЮНК_1,1826,-1,49200,1826,,,,,,,,,,1,,,,,,,,,
ГыНКХфЗЮНК_80/85,1827,-1,-1,1827,,,,,,,,,,1,,,,,,,,,
#
# РќМГ ЦфЦЎ
#ДйХЉЙйЗЮНК,1900,-1,-1,1900,,,,,,,,,,1,,,,,,,,,
#ЦчХИИЎПР,1901,-1,-1,1901,,,,,,,,,,1,,,,,,,,,
#ШФЙйЦМ,1902,-1,-1,1902,,,,,,,,,,1,,,,,,,,,
#ЦфАЁМіНК,1903,-1,-1,1903,,,,,,,,,,1,,,,,,,,,
#ЙйПьЦЎ,1904,-1,-1,1904,,,,,,,,,,1,,,,,,,,,
ЛўИЖЖѕНК,1900,-1,-1,1909,,,,,,,,,,1,,,,,,,,,
ОЦИЃХАПРНК,1901,-1,-1,1910,,,,,,,,,,1,,,,,,,,,
ИоФЋР№Бз,1902,-1,-1,1911,,,,,,,,,,1,,,,,,,,,
ЛўИЖЖѕНК,1903,-1,-1,1909,,,,,,,,,,1,,,,,,,,,
ОЦИЃХАПРНК,1904,-1,-1,1910,,,,,,,,,,1,,,,,,,,,
#
ОЦРЬНКЕхЗЁАя,1905,-1,-1,1905,,,,,,,,,,1,,,,,,,,,
ХЉЗЮХц,1906,-1,-1,1906,,,,,,,,,,1,,,,,,,,,
Е№ОюЗщ,1907,-1,-1,1907,,,,,,,,,,1,,,,,,,,,
БтИА,1908,-1,-1,1908,,,,,,,,,,1,,,,,,,,,
#
ЗЅАЁНК,1996,-1,49201,1996,,,,,,,,,,1,,,,,,,,,
БМАЁНК,1997,-1,49201,1997,,,,,,,,,,1,,,,,,,,,
ЗЮЗЮФЋНК,1998,-1,49201,1998,,,,,,,,,,1,,,,,,,,,
АёФЋНК,1999,-1,49201,1999,,,,,,,,,,1,,,,,,,,,
#
# ПЁЕЇ ЦфЦЎ
КЙПьИЎ,2000,-1,49201,2000,,,,,,,,,,1,,,,,,,,,
ЧЊПьИЎ,2001,-1,49201,2001,,,,,,,,,,1,,,,,,,,,
ГьПьИЎ,2002,-1,49201,2002,,,,,,,,,,1,,,,,,,,,
#
ЧЊКё,2003,-1,49201,2003,,,,,,,,,,1,,,,,,,,,
ЧЊРЬ,2004,-1,49201,2004,,,,,,,,,,1,,,,,,,,,
БјПьКё,2005,-1,49201,2005,,,,,,,,,,1,,,,,,,,,
#
ВПВПЙЬ,2006,-1,49201,2006,,,,,,,,,,1,,,,,,,,,
ВПРЬЙЬ,2007,-1,49201,2007,,,,,,,,,,1,,,,,,,,,
ЕЙВПКё,2008,-1,49201,2008,,,,,,,,,,1,,,,,,,,,
ЧЊЙЬ,2009,-1,49201,2009,,,,,,,,,,1,,,,,,,,,
#
ЦїЦї,2010,-1,49201,2010,,,,,,,,,,1,,,,,,,,,
ЧЊХѕХѕ,2011,-1,49201,2011,,,,,,,,,,1,,,,,,,,,
ГыХѕХѕ,2012,-1,49201,2012,,,,,,,,,,1,,,,,,,,,
ЧЊХѕ,2013,-1,49201,2013,,,,,,,,,,1,,,,,,,,,
#
КЃЗЮГыХЉ,2014,-1,49201,2014,,,,,,,,,,1,,,,,,,,,
КЃХц,2015,-1,49201,2015,,,,,,,,,,1,,,,,,,,,
КЃГыХѕИЎ,2016,-1,49201,2016,,,,,,,,,,1,,,,,,,,,
КЃЗЮЙйЕх,2017,-1,49201,2017,,,,,,,,,,1,,,,,,,,,
#
ЙАКЯРЬ,2018,-1,49201,2018,,,,,,,,,,1,,,,,,,,,
ХЗКЯРЬ,2019,-1,49201,2019,,,,,,,,,,1,,,,,,,,,
УЖКЯРЬ,2020,-1,49201,2020,,,,,,,,,,1,,,,,,,,,
РкЖѓКЯ,2021,-1,49201,2021,,,,,,,,,,1,,,,,,,,,
#
АёЕхАя,2022,-1,49201,2022,,,,,,,,,,1,,,,,,,,,
БтАэОЦ,2023,-1,49201,2023,,,,,,,,,,1,,,,,,,,,
ХИЗЮОЦ,2024,-1,49201,2024,,,,,,,,,,1,,,,,,,,,
#
ЧЊАэАэ,2025,-1,49201,2025,,,,,,,,,,1,,,,,,,,,
ЖѓЗчЗч,2026,-1,49201,2026,,,,,,,,,,1,,,,,,,,,
БтЙйЙй,2027,-1,49201,2027,,,,,,,,,,1,,,,,,,,,
СъДЯ,2028,-1,49201,2028,,,,,,,,,,1,,,,,,,,,
#
БтЖѓГы,2029,-1,49201,2029,,,,,,,,,,1,,,,,,,,,
БтКёГы,2030,-1,49201,2030,,,,,,,,,,1,,,,,,,,,
ЧСЗЮЕЗ,2031,-1,49201,2031,,,,,,,,,,1,,,,,,,,,
#
ГыНКХА,2032,-1,49201,2032,,,,,,,,,,1,,,,,,,,,
ЖѓНКХА,2033,-1,49201,2033,,,,,,,,,,1,,,,,,,,,
ХфГЂ,2034,-1,49201,2034,,,,,,,,,,1,,,,,,,,,
ЙќИЕ,2035,-1,49201,2035,,,,,,,,,,1,,,,,,,,,
#
УЖБтЕЗ,2040,-1,49201,2040,,,,,,,,,,1,,,,,,,,,
НЧЙіАэИЃЕЗ,2041,-1,49201,2041,,,,,,,,,,1,,,,,,,,,
АэЖѓЕЗ,2042,-1,49201,2042,,,,,,,,,,1,,,,,,,,,
ГыЖѓЕЗ,2043,-1,49201,2043,,,,,,,,,,1,,,,,,,,,
#
ЧЊКИ,2044,-1,49201,2044,,,,,,,,,,1,,,,,,,,,
ХИЗчР№,2045,-1,49201,2045,,,,,,,,,,1,,,,,,,,,
ГыКИ,2046,-1,49201,2046,,,,,,,,,,1,,,,,,,,,
#
ЙйФЋПь,2047,-1,49201,2047,,,,,,,,,,1,,,,,,,,,
ЙйФэПь,2048,-1,49201,2048,,,,,,,,,,1,,,,,,,,,
ЧЊФэ,2049,-1,49201,2049,,,,,,,,,,1,,,,,,,,,
ЙйФэ,2050,-1,49201,2050,,,,,,,,,,1,,,,,,,,,
#
ЕЕИЃЕЕИЃ,2051,-1,49201,2051,,,,,,,,,,1,,,,,,,,,
МКШЃ,2052,-1,49201,2052,,,,,,,,,,1,,,,,,,,,
АэЗчЗч,2053,-1,49201,2053,,,,,,,,,,1,,,,,,,,,
ЦфЗчЗч,2054,-1,49201,2054,,,,,,,,,,1,,,,,,,,,
#
ХИГыЧСНК,2055,-1,49201,2055,,,,,,,,,,1,,,,,,,,,
ГыХИНК,2056,-1,49201,2056,,,,,,,,,,1,,,,,,,,,
ФкЙпНК,2057,-1,49201,2057,,,,,,,,,,1,,,,,,,,,
ХИИЃЧСНК,2058,-1,49201,2058,,,,,,,,,,1,,,,,,,,,
#
МЎШ­ФЩНК,2059,-1,49201,2059,,,,,,,,,,1,,,,,,,,,
ЦЧБзЖѓ,2060,-1,49201,2060,,,,,,,,,,1,,,,,,,,,
ЦЧБз,2061,-1,49201,2061,,,,,,,,,,1,,,,,,,,,
Р№ЧЯЕх,2062,-1,49201,2062,,,,,,,,,,1,,,,,,,,,
#
ЖѓАЁЗЮНК,2063,-1,49201,2063,,,,,,,,,,1,,,,,,,,,
БтЦЎЗЮНК,2064,-1,49201,2064,,,,,,,,,,1,,,,,,,,,
ГыЦЎЗЮНК,2065,-1,49201,2065,,,,,,,,,,1,,,,,,,,,
ЕЙАЁЗЮНК,2066,-1,49201,2066,,,,,,,,,,1,,,,,,,,,
#
ДЉРЬ,2067,-1,49201,2067,,,,,,,,,,1,,,,,,,,,
АЁРЬ,2068,-1,49201,2068,,,,,,,,,,1,,,,,,,,,
ЗчКИНК,2069,-1,49201,2069,,,,,,,,,,1,,,,,,,,,
ГыКИНК,2070,-1,49201,2070,,,,,,,,,,1,,,,,,,,,
#
ЧЊКёХфНК,2071,-1,49201,2071,,,,,,,,,,1,,,,,,,,,
КЮЖѓХАПРНК,2072,-1,49201,2072,,,,,,,,,,1,,,,,,,,,
ГыЖѓХАХфНК,2073,-1,49201,2073,,,,,,,,,,1,,,,,,,,,
#
ИоИ№НК,2074,-1,49201,2074,,,,,,,,,,1,,,,,,,,,
ЧЊИ№ГЊНК,2075,-1,49201,2075,,,,,,,,,,1,,,,,,,,,
ИИИ№Ех,2076,-1,49201,2076,,,,,,,,,,1,,,,,,,,,
НЧЙіЗЮНК,2077,-1,49201,2077,,,,,,,,,,1,,,,,,,,,
#
ЧЊХзЖѓ,2078,-1,49201,2078,,,,,,,,,,1,,,,,,,,,
НЧЙіЖѓАя,2079,-1,49201,2079,,,,,,,,,,1,,,,,,,,,
АёЕхХзЖѓАя,2080,-1,49201,2080,,,,,,,,,,1,,,,,,,,,
ХзЖѓЕЗ,2081,-1,49201,2081,,,,,,,,,,1,,,,,,,,,
#
ХИИЃФэ,2082,-1,49201,2082,,,,,,,,,,1,,,,,,,,,
ЧЊХИФЋ,2083,-1,49201,2083,,,,,,,,,,1,,,,,,,,,
ШцФЋХА,2084,-1,49201,2084,,,,,,,,,,1,,,,,,,,,
СъХА,2085,-1,49201,2085,,,,,,,,,,1,,,,,,,,,
#
СіАЁЗЮНК,2088,-1,49201,2088,,,,,,,,,,1,,,,,,,,,
#
ТїРЬШЅ,2090,-1,49201,2090,,,,,,,,,,1,,,,,,,,,
ЦФЖѓЧС,2091,-1,49201,2091,,,,,,,,,,1,,,,,,,,,
И№РЬХф,2092,-1,49201,2092,,,,,,,,,,1,,,,,,,,,
#
ГыИЎГыНК,2093,-1,49201,2093,,,,,,,,,,1,,,,,,,,,
ЧЊХфЖѓСі,2094,-1,49201,2094,,,,,,,,,,1,,,,,,,,,
ФкИЎГыЗЮНК,2095,-1,49201,2095,,,,,,,,,,1,,,,,,,,,
#
ГыЗЮЗЮХЉНК,2096,-1,49201,2096,,,,,,,,,,1,,,,,,,,,
НЧЙіЗЮХЉНК,2097,-1,49201,2097,,,,,,,,,,1,,,,,,,,,
Е№ЗЮЗЮХЉНК,2098,-1,49201,2098,,,,,,,,,,1,,,,,,,,,
СјСжХфЗЮНК,2099,-1,49201,2099,,,,,,,,,,1,,,,,,,,,
#
# ЧиРњ ЦфЦЎ
ФэФёЙі_1,2100,-1,49200,2100,,,,,,,,,,1,,,,,,,,,
ФэФёЙі_75/80,2101,-1,-1,2101,,,,,,,,,,1,,,,,,,,,
ЛиMЙі_1,2102,-1,49200,2102,,,,,,,,,,1,,,,,,,,,
ЛиMЙі_75/80,2103,-1,-1,2103,,,,,,,,,,1,,,,,,,,,
ИЎЙйРЬОюДј_1,2104,-1,49200,2104,,,,,,,,,,1,,,,,,,,,
ИЎЙйРЬОюДј_75/80,2105,-1,-1,2105,,,,,,,,,,1,,,,,,,,,
ПЭРЯЗЮ_1,2106,-1,49200,2106,,,,,,,,,,1,,,,,,,,,
ПЭРЯЗЮ_75/80,2107,-1,-1,2107,,,,,,,,,,1,,,,,,,,,
ЙйРЬЗа_1,2108,-1,49201,2108,,,,,,,,,,1,,,,,,,,,
ЦїРЯЗа_1,2109,-1,49201,2109,,,,,,,,,,1,,,,,,,,,
БзЗЅЧЊ_1,2110,-1,49201,2110,,,,,,,,,,1,,,,,,,,,
#
ИЖБзГы_1,2111,-1,49200,2111,,,,,,,,,,1,,,,,,,,,
ИЖБзГы_75/80,2112,-1,-1,2112,,,,,,,,,,1,,,,,,,,,
ИХБзГы_1,2113,-1,49200,2113,,,,,,,,,,1,,,,,,,,,
ИХБзГы_75/80,2114,-1,-1,2114,,,,,,,,,,1,,,,,,,,,
ИОБзГы_1,2115,-1,49200,2115,,,,,,,,,,1,,,,,,,,,
ИОБзГы_75/80,2116,-1,-1,2116,,,,,,,,,,1,,,,,,,,,
ИгБзГы_1,2117,-1,49200,2117,,,,,,,,,,1,,,,,,,,,
ИгБзГы_75/80,2118,-1,-1,2118,,,,,,,,,,1,,,,,,,,,
ИХЦЎГы_1,2119,-1,49201,2119,,,,,,,,,,1,,,,,,,,,
ИОЦЎГы_1,2120,-1,49201,2120,,,,,,,,,,1,,,,,,,,,
#
# НХ ЦфЦЎ
НКГыЙжФк_1,2300,-1,49200,2300,,,,,,,,,,1,,,,,,,,,
НКГыЙжФк_75/80,2301,-1,-1,2301,,,,,,,,,,1,,,,,,,,,
ЙжФк_1,2302,-1,49200,2302,,,,,,,,,,1,,,,,,,,,
ЙжФк_75/80,2303,-1,-1,2303,,,,,,,,,,1,,,,,,,,,
ИЕФк_1,2304,-1,49200,2304,,,,,,,,,,1,,,,,,,,,
ИЕФк_75/80,2305,-1,-1,2305,,,,,,,,,,1,,,,,,,,,
ЧУЗЮИЕФк_1,2306,-1,49201,2306,,,,,,,,,,1,,,,,,,,,
#
БзИААэИЃ_1,2307,-1,49200,2307,,,,,,,,,,1,,,,,,,,,
БзИААэИЃ_75/80,2308,-1,-1,2308,,,,,,,,,,1,,,,,,,,,
ХЗАэИЃ_1,2309,-1,49200,2309,,,,,,,,,,1,,,,,,,,,
ХЗАэИЃ_75/80,2310,-1,-1,2310,,,,,,,,,,1,,,,,,,,,
АэЗчЙй_1,2311,-1,49200,2311,,,,,,,,,,1,,,,,,,,,
АэЗчЙй_75/80,2312,-1,-1,2312,,,,,,,,,,1,,,,,,,,,
АЁЗаАэИЃ_1,2313,-1,49201,2313,,,,,,,,,,1,,,,,,,,,
СіАэИЃ_1,2314,-1,49201,2314,,,,,,,,,,1,,,,,,,,,
#
ЕЈХИИЃЕЗ_1,2315,-1,49200,2315,,,,,,,,,,1,,,,,,,,,
ЕЈХИИЃЕЗ_75/80,2316,-1,-1,2316,,,,,,,,,,1,,,,,,,,,
ФЋИЃФЋЗЮЕЗ_1,2317,-1,49200,2317,,,,,,,,,,1,,,,,,,,,
ФЋИЃФЋЗЮЕЗ_75/80,2318,-1,-1,2318,,,,,,,,,,1,,,,,,,,,
ЦчЦЎИЃЕЗ_1,2319,-1,49200,2319,,,,,,,,,,1,,,,,,,,,
ЦчЦЎИЃЕЗ_75/80,2320,-1,-1,2320,,,,,,,,,,1,,,,,,,,,
ФЋИсЗЮЕЗ_1,2321,-1,49201,2321,,,,,,,,,,1,,,,,,,,,
#
Чя_1,2322,-1,49200,2322,,,,,,,,,,1,,,,,,,,,
Чя_75/80,2323,-1,-1,2323,,,,,,,,,,1,,,,,,,,,
ОюКёНК_1,2324,-1,49201,2324,,,,,,,,,,1,,,,,,,,,
#
ФэПРФкИЖ_1,2325,-1,49200,2325,,,,,,,,,,1,,,,,,,,,
ФэПРФкИЖ_10/15,2326,-1,-1,2326,,,,,,,,,,1,,,,,,,,,
ПѕРЬ_1,2327,-1,49201,2327,,,,,,,,,,1,,,,,,,,,
#
ФкИЃФк_1,2328,-1,49200,2328,,,,,,,,,,1,,,,,,,,,
ФкИЃФк_10/15,2329,-1,-1,2329,,,,,,,,,,1,,,,,,,,,
ФкЙЋНУ_1,2330,-1,49201,2330,,,,,,,,,,1,,,,,,,,,
#
ХЉЗІ_1,2331,-1,49200,2331,,,,,,,,,,1,,,,,,,,,
ХЉЗІ_75/80,2332,-1,-1,2332,,,,,,,,,,1,,,,,,,,,
ХЗХЉЗІ_1,2333,-1,49200,2333,,,,,,,,,,1,,,,,,,,,
ХЗХЉЗІ_75/80,2334,-1,-1,2334,,,,,,,,,,1,,,,,,,,,
ПЛЗЮХЉЗІ_1,2335,-1,49201,2335,,,,,,,,,,1,,,,,,,,,
ЦїЗЙНКЦЎХЉЗІ_1,2336,-1,49201,2336,,,,,,,,,,1,,,,,,,,,
#
ФЋЖѓАэДЯНК_1,2337,-1,49200,2337,,,,,,,,,,1,,,,,,,,,
ФЋЖѓАэДЯНК_75/80,2338,-1,-1,2338,,,,,,,,,,1,,,,,,,,,
ЦЎЖѓАэДЯНК_1,2339,-1,49201,2339,,,,,,,,,,1,,,,,,,,,
#
ОЦФкЗЮКё_1,2340,-1,49200,2340,,,,,,,,,,1,,,,,,,,,
ОЦФкЗЮКё_75/80,2341,-1,-1,2341,,,,,,,,,,1,,,,,,,,,
АёЕхЗЮКё_1,2342,-1,49201,2342,,,,,,,,,,1,,,,,,,,,
#
ОЦЖѓ_1,2343,-1,49200,2343,,,,,,,,,,1,,,,,,,,,
ОЦЖѓ_75/80,2344,-1,-1,2344,,,,,,,,,,1,,,,,,,,,
ЙйЖѓ_1,2345,-1,49201,2345,,,,,,,,,,1,,,,,,,,,
#
ЗчФПНК_1,2346,-1,49200,2346,,,,,,,,,,1,,,,,,,,,
ЗчФПНК_75/80,2347,-1,-1,2347,,,,,,,,,,1,,,,,,,,,
ХЅКёНК_1,2348,-1,49200,2348,,,,,,,,,,1,,,,,,,,,
ХЅКёНК_75/80,2349,-1,-1,2349,,,,,,,,,,1,,,,,,,,,
КёЗч_1,2350,-1,49201,2350,,,,,,,,,,1,,,,,,,,,
ОЦФЋНУНК_1,2351,-1,49201,2351,,,,,,,,,,1,,,,,,,,,
#
ДйЖїРЬ_1,2352,-1,49200,2352,,,,,,,,,,1,,,,,,,,,
ДйЖїРЬ_75/80,2353,-1,-1,2353,,,,,,,,,,1,,,,,,,,,
#
ЧЧЧЧОЦ_1,2354,-1,49200,2354,,,,,,,,,,1,,,,,,,,,
ЧЧЧЧОЦ_75/80,2355,-1,-1,2355,,,,,,,,,,1,,,,,,,,,
ЦїЗчГЊ_1,2356,-1,49200,2356,,,,,,,,,,1,,,,,,,,,
ЦїЗчГЊ_75/80,2357,-1,-1,2357,,,,,,,,,,1,,,,,,,,,
ЛчЗчГЊ_1,2358,-1,49201,2358,,,,,,,,,,1,,,,,,,,,
#
# ДСДыБМ
ХфЖѓ_1,2400,75015,-1,2400,,,,,,,,,,1,,,,,,,,,
КЃИЃЧЊНК_75/80,2401,-1,-1,2401,,,,,,,,,,1,,,,,,,,,
ЦфИЃЦф_1,2402,75015,-1,2402,,,,,,,,,,1,,,,,,,,,
ПяЧЊНК_75/80,2403,-1,-1,2403,,,,,,,,,,1,,,,,,,,,
ФЋИЃФЩ_1,2404,75015,-1,2404,,,,,,,,,,1,,,,,,,,,
АЅЧЊНК_75/80,2405,-1,-1,2405,,,,,,,,,,1,,,,,,,,,
#
# РЬКЅЦЎ
# ХЉИЎНКИЖНК РЬКЅЦЎ
ЛъХИИЕФк,3503,-1,-1,3503,,,,,,,,,,1,,,,,,,,,
ЛъХИИЕФк_95/100,3504,-1,-1,3504,,,,,,,,,,1,,,,,,,,,
#
#
# СъЖѓБт АјПј
АэИЃФЩНК_1,5000,-1,49200,5000,,,,,,,,,,1,,,,,,,,,
КИИЃФЩНК_1,5002,-1,49200,5002,,,,,,,,,,1,,,,,,,,,
КИХѕФЩНК_1,5004,-1,49200,5004,,,,,,,,,,1,,,,,,,,,
РкИЃФЩНК_1,5006,-1,49200,5006,,,,,,,,,,1,,,,,,,,,
АэИЃФЩНКОпЛ§_95/100,5007,-1,-1,5001,5003,5005,5007,,,,,,,1,1,1,1,,,,,,
ЦМЗКНК_1,5008,-1,49201,5008,,,,,,,,,,1,,,,,,,,,
ЖѓПьЗКНК_1,5009,-1,49201,5009,,,,,,,,,,1,,,,,,,,,
#
#
#
# РњЗЙКЇ ЛчГЩХЭ ИЎИоРЬХЉ
# МвЕПБМ
БјКЯРЬ,6000,-1,-1,6000,,,,,,,,,,1,,,,,,,,,
ЕЙКЯРЬ,6001,-1,-1,6001,,,,,,,,,,1,,,,,,,,,
# ОЦКЮБМ
ГыКЯРЬ,6002,-1,-1,6002,,,,,,,,,,1,,,,,,,,,
КЯРЬ,6003,-1,-1,6003,,,,,,,,,,1,,,,,,,,,
# ЙЋРЬБМ
ЙЋРЬ,6004,-1,-1,6004,,,,,,,,,,1,,,,,,,,,
ООКИНК,6005,-1,-1,6005,,,,,,,,,,1,,,,,,,,,
# УЄМЎРх
ИИИ№,6006,-1,-1,6006,,,,,,,,,,1,,,,,,,,,
ИИИ№ИЃ,6007,-1,-1,6007,,,,,,,,,,1,,,,,,,,,
# ЦѓБЄ
АэИЃЕЗ,6008,-1,-1,6008,,,,,,,,,,1,,,,,,,,,
БтЖѓЕЗ,6009,-1,-1,6009,,,,,,,,,,1,,,,,,,,,
#
# ПјСжЙЮ МЖ ЛчГЩХЭ ИЎИоРЬХЉ
# ЧиКЏ
ДйРЬГыНК,6010,-1,-1,6010,,,,,,,,,,1,,,,,,,,,
ДйРЬГыНК,6011,49101,-1,6011,,,,,,,,,,1,,,,,,,,,
ДйРЬГыНК,6012,49102,-1,6012,,,,,,,,,,1,,,,,,,,,
ДйРЬГыНК,6013,49103,-1,6013,,,,,,,,,,1,,,,,,,,,
ДйРЬГыНК,6014,49104,-1,6014,,,,,,,,,,1,,,,,,,,,
ДйРЬГыНК,6015,49105,-1,6015,,,,,,,,,,1,,,,,,,,,
ДйРЬГыНК,6016,49106,-1,6016,,,,,,,,,,1,,,,,,,,,
# ПыПеРЧ ЕПБМ 7Уў
ВПЙЬ,6020,-1,-1,6020,,,,,,,,,,1,,,,,,,,,
ВПЙЬ,6021,49111,-1,6021,,,,,,,,,,1,,,,,,,,,
ВПЙЬ,6022,49112,-1,6022,,,,,,,,,,1,,,,,,,,,
ВПЙЬ,6023,49113,-1,6023,,,,,,,,,,1,,,,,,,,,
ВПЙЬ,6024,49114,-1,6024,,,,,,,,,,1,,,,,,,,,
ВПЙЬ,6025,49115,-1,6025,,,,,,,,,,1,,,,,,,,,
ВПЙЬ,6026,49116,-1,6026,,,,,,,,,,1,,,,,,,,,
# ЕП СіЧЯ ХЭГЮ 1Уў
ЧЊКёХфНК,6030,-1,-1,6030,,,,,,,,,,1,,,,,,,,,
КЮЖѓХАПРНК,6031,-1,-1,6031,,,,,,,,,,1,,,,,,,,,
ГыЖѓХАХфНК,6032,-1,-1,6032,,,,,,,,,,1,,,,,,,,,
# ЕП СіЧЯ ХЭГЮ 2Уў
ВПВПЙЬ,6040,-1,-1,6040,,,,,,,,,,1,,,,,,,,,
ВПРЬЙЬ,6041,-1,-1,6041,,,,,,,,,,1,,,,,,,,,
ЕЙВПКё,6042,-1,-1,6042,,,,,,,,,,1,,,,,,,,,
ЧЊЙЬ,6043,-1,-1,6043,,,,,,,,,,1,,,,,,,,,
#
# ОѓРНМК ЧЪЕх ЦфЦЎ
# 81:ЦэАпРЧ Йц
ОЦИЃИЖЗч_1,9050,-1,49200,9050,,,,,,,,,,1,,,,,,,,,
ОЦИЃИЖЗч_95/100,9051,-1,-1,9051,,,,,,,,,,1,,,,,,,,,
БИЗчИЖЗч_1,9052,-1,49201,9052,,,,,,,,,,1,,,,,,,,,
ЦФРЬИЖЗч_1,9053,-1,49201,9053,,,,,,,,,,1,,,,,,,,,
# 82:ХЉЗЮОЦФЁРЧ Йц
ИЖЗчОЦФЁ_1,9054,-1,49200,9054,,,,,,,,,,1,,,,,,,,,
ИЖЗчОЦФЁ_95/100,9055,-1,-1,9055,,,,,,,,,,1,,,,,,,,,
БтЗЮОЦФЁ_1,9056,-1,49201,9056,,,,,,,,,,1,,,,,,,,,
# 83:КЙЕЕ(БГИИ)
БзЗЅАэИЃ_1,9057,-1,49201,9057,,,,,,,,,,1,,,,,,,,,
БзЗЅАэИЃ_95/100,9058,-1,-1,9058,,,,,,,,,,1,,,,,,,,,
# 84:БГИИРЧ Йц
ЧЊХИЧЊХИ_1,9059,-1,49200,9059,,,,,,,,,,1,,,,,,,,,
ЧЊХИЧЊХИ_95/100,9060,-1,-1,9060,,,,,,,,,,1,,,,,,,,,
ЦфХИЦфХИ_1,9061,-1,49201,9061,,,,,,,,,,1,,,,,,,,,
# 85:РќИЎЧАРЧ Йц
ГьНУГыЕЗ_1,9062,-1,49201,9062,,,,,,,,,,1,,,,,,,,,
ГьНУГыЕЗ_95/100,9063,-1,-1,9063,,,,,,,,,,1,,,,,,,,,
РЭНУГыЕЗ_1,9064,-1,49201,9064,,,,,,,,,,1,,,,,,,,,
РЭНУГыЕЗ_95/100,9065,-1,-1,9065,,,,,,,,,,1,,,,,,,,,
ЦФРЬГыЕЗ_1,9066,-1,49201,9066,,,,,,,,,,1,,,,,,,,,
ЦФРЬГыЕЗ_95/100,9067,-1,-1,9067,,,,,,,,,,1,,,,,,,,,
# 86:КЙЕЕ(ХНПх)
ЖѓРЬФэНК_1,9068,-1,49200,9068,,,,,,,,,,1,,,,,,,,,
ЖѓРЬФэНК_95/100,9069,-1,-1,9069,,,,,,,,,,1,,,,,,,,,
ЙйЖѓФэНК_1,9070,-1,49201,9070,,,,,,,,,,1,,,,,,,,,
# 87:ХНПхРЧ Йц