1929 20849 120 21099
1942 20850 120 21099
1943 20851 120 21099
1944 20852 120 21099
1945 20853 120 21099
1946 20854 120 21099
1947 20855 120 21099
1948 20856 120 21099
1949 20857 120 21099
1950 20858 120 21099
1951 20859 120 21099
1952 20860 120 21099
1953 20861 120 21099
1954 20862 120 21099
1955 20863 120 21099
1956 20864 120 21099
1957 20865 120 21099
1958 20866 120 21099
1959 20867 120 21099
1960 20868 120 21099
20849 20878 20 21099
20850 20879 20 21099
20851 20880 20 21099
20852 20881 20 21099
20853 20882 20 21099
20854 20883 20 21099
20855 20884 20 21099
20856 20885 20 21099
20857 20886 20 21099
20858 20887 20 21099
20859 20888 20 21099
20860 20889 20 21099
20861 20890 20 21099
20862 20891 20 21099
20863 20892 20 21099
20864 20893 20 21099
20865 20894 20 21099
20866 20895 20 21099
20867 20896 20 21099
20868 20897 20 21099
20878 20898 12 21099
20879 20899 12 21099
20880 20900 12 21099
20881 20901 12 21099
20882 20902 12 21099
20883 20903 12 21099
20884 20904 12 21099
20885 20905 12 21099
20886 20906 12 21099
20887 20907 12 21099
20888 20908 12 21099
20889 20909 12 21099
20890 20910 12 21099
20891 20911 12 21099
20892 20912 12 21099
20893 20913 12 21099
20894 20914 12 21099
20895 20915 12 21099
20896 20916 12 21099
20897 20917 12 21099
