1640
1641
1648
1649
1650
1651
1652
1653
1654
1655
1656
1657
1781
1782
1783
1784
1874
1875
1876
1961
1963
1964
1965
1966
1967
1968
1969
1970
1971
1972
2057
2058
2059
2060
2061
2291
2292
2293
2294
2295
2296
2297
2298
2299
2300
2301
2302
2303
2304
2362
2363
2364
2365
2366
2367
2368
2369
2370
2371
2372
2790
2791
2792
2793
2794
2795
2796
2797
2798
2799
2800
2801
2802
2803
2804
2805
2806
2807
2808
2809
2810
2811
2812
2813
2814
2815
2816
2817
2818
2819
2820
2821
2822
2823
2824
2825
13032
13033
13034
13035
13036
13037
13038
13039
13101
13102
18535
19571
19572
19573
19574
19575
19576
19583
19584
19585
19586
19587
19588
19589
19590
19591
19592
19593
19594
19595
19596
19603
19604
19605
19606
19607
19608
19609
19610
19611
19612
19613
19614
19615
19616
19617
19618
19619
19620
19734
19735
19736
19737
19738
20625
20677
20678
20679
20680
20681
20682
20683
20684
20685
20686
20687
20688
20689
20696
20697
20698
20699
20700
20701
20702
20703
20704
20705
20706
20707
20708
20709
20710
20711
20717
20718
20760
20769
20770
20771
20772
20773
20774
20775
20776
20777
20778
20779
20780
20781
20782
20783
20784
20785
20786
20787
20788
20815
20816
20817
20818
20819
20821
20822
20823
20824
20825
20826
20827
20828
20829
20830
20831
20832
20833
20834
20835
20836
20837
20838
20839
20840
20841
20842
20843
20844
20845
20846
20847
20848
18091
18092
18093
18094
18095
18096
18097
18098
18099
18100
18101
18102
18103
18104
18105
